2 0.72890625 0.7140625 0.31171875 0.10703125
0 0.38828125 0.64453125 0.1609375 0.10859375
1 0.865625 0.47734375 0.1046875 0.09375
2 0.465625 0.37890625 0.17265625 0.071875
2 0.165625 0.4703125 0.1984375 0.10546875
0 0.784375 0.91953125 0.12421875 0.09296875
0 0.315625 0.27421875 0.0875 0.05078125
2 0.178125 0.2625 0.134375 0.06171875
1 0.29140625 0.5359375 0.1296875 0.07421875
0 0.578125 0.59140625 0.1265625 0.071875
2 0.68828125 0.50546875 0.2015625 0.1140625
2 0.4765625 0.5421875 0.22421875 0.0953125
2 0.8125 0.61171875 0.28125 0.0796875