2 0.70078125 0.25 0.328125 0.146875
0 0.365625 0.3625 0.175 0.1296875
1 0.86875 0.47109375 0.1171875 0.1078125
2 0.47734375 0.6203125 0.1828125 0.09375
2 0.16328125 0.565625 0.2125 0.13125
0 0.73203125 0.04453125 0.1359375 0.0890625
0 0.3390625 0.74375 0.0953125 0.0625
2 0.2015625 0.77265625 0.14375 0.078125
1 0.28125 0.48359375 0.140625 0.090625
0 0.56484375 0.39140625 0.1375 0.0875
2 0.6859375 0.465625 0.2171875 0.1390625
2 0.46796875 0.4546875 0.2375 0.1234375
2 0.79765625 0.3421875 0.2921875 0.115625