2 0.2421875 0.31484375 0.3796875 0.2078125
0 0.64375 0.296875 0.2109375 0.1671875
1 0.15390625 0.61796875 0.14375 0.134375
2 0.63125 0.61640625 0.2140625 0.1296875
2 0.9078125 0.43671875 0.184375 0.1578125
0 0.1265625 0.115625 0.15625 0.10625
0 0.82890625 0.69140625 0.1125 0.08125
2 0.95078125 0.6671875 0.0984375 0.103125
1 0.7828125 0.39140625 0.165625 0.11875
0 0.4453125 0.409375 0.1625 0.115625
2 0.34609375 0.53671875 0.2578125 0.184375
2 0.5734375 0.43671875 0.278125 0.16875
2 0.1765625 0.4515625 0.3375 0.16875