2 0.7359375 0.203125 0.3515625 0.1515625
0 0.3734375 0.31796875 0.1875 0.1359375
1 0.9109375 0.44453125 0.1234375 0.1140625
2 0.48828125 0.596875 0.196875 0.0984375
2 0.15234375 0.5328125 0.2265625 0.1375
0 0.775 0.015625 0.140625 0.03125
0 0.33671875 0.72734375 0.1 0.0640625
2 0.1890625 0.75546875 0.153125 0.0828125
1 0.28046875 0.446875 0.1484375 0.0953125
0 0.5859375 0.353125 0.1453125 0.0921875
2 0.715625 0.434375 0.2328125 0.146875
2 0.48125 0.41875 0.2546875 0.128125
2 0.8328125 0.30546875 0.3046875 0.1171875