2 0.809375 0.3125 0.35 0.1203125
0 0.4265625 0.390625 0.18125 0.121875
1 0.95234375 0.57890625 0.0953125 0.10625
2 0.51328125 0.68984375 0.19375 0.08125
2 0.1765625 0.58671875 0.2234375 0.11875
0 0.87265625 0.08125 0.140625 0.1046875
0 0.34453125 0.80703125 0.0984375 0.05625
2 0.18984375 0.8203125 0.1515625 0.06875
1 0.3171875 0.5125 0.146875 0.0828125
0 0.640625 0.45 0.1421875 0.08125
2 0.7640625 0.546875 0.2265625 0.128125
2 0.52578125 0.50625 0.253125 0.1078125
2 0.87265625 0.428125 0.2546875 0.090625