2 0.56328125 0.68671875 0.3140625 0.128125
2 0.13125 0.7484375 0.234375 0.165625
2 0.55390625 0.41796875 0.1375 0.059375
2 0.5171875 0.55390625 0.215625 0.134375
2 0.77265625 0.41171875 0.09375 0.0421875
2 0.859375 0.4109375 0.0828125 0.05
2 0.803125 0.4453125 0.0890625 0.0671875
2 0.80546875 0.76015625 0.3484375 0.209375
2 0.94609375 0.6265625 0.1078125 0.10625
2 0.24921875 0.43984375 0.13125 0.0703125
2 0.28203125 0.48671875 0.1703125 0.0984375
2 0.45234375 0.3765625 0.05625 0.0546875
2 0.50703125 0.27265625 0.040625 0.025
2 0.2703125 0.3234375 0.0671875 0.05
2 0.70703125 0.28125 0.05 0.0484375
2 0.1703125 0.37421875 0.096875 0.046875
2 0.0109375 0.321875 0.021875 0.034375