0 0.296875 0.21953125 0.35625 0.171875
0 0.78359375 0.2390625 0.26875 0.1671875
0 0.6484375 0.3546875 0.196875 0.10625
0 0.9265625 0.46875 0.1015625 0.0546875
0 0.940625 0.41015625 0.109375 0.05625
0 0.88828125 0.3484375 0.209375 0.09375
0 0.359375 0.4625 0.1296875 0.0625
0 0.55625 0.43984375 0.1453125 0.0734375
0 0.71328125 0.446875 0.13125 0.075
0 0.615625 0.48515625 0.0765625 0.0390625
0 0.15625 0.45234375 0.121875 0.0640625
0 0.059375 0.42890625 0.09375 0.05625
0 0.23828125 0.33125 0.2265625 0.1078125
0 0.37734375 0.39375 0.134375 0.0859375