2 0.40703125 0.72421875 0.3125 0.1546875
2 0.8265625 0.83046875 0.2546875 0.184375
2 0.44375 0.465625 0.1375 0.0703125
2 0.465625 0.60078125 0.21875 0.15
2 0.2328125 0.4375 0.0921875 0.0484375
2 0.14921875 0.42890625 0.0828125 0.0546875
2 0.2 0.4671875 0.0921875 0.0734375
2 0.17109375 0.7703125 0.3421875 0.234375
2 0.04921875 0.625 0.0984375 0.115625
2 0.7359375 0.51796875 0.13125 0.08125
2 0.6984375 0.56015625 0.171875 0.1109375
2 0.54609375 0.4359375 0.059375 0.0578125
2 0.50390625 0.33046875 0.040625 0.028125
2 0.72734375 0.403125 0.06875 0.0546875
2 0.31015625 0.31796875 0.053125 0.0515625
2 0.81875 0.4625 0.096875 0.0546875
2 0.9828125 0.43046875 0.034375 0.0390625