2 0.39375 0.30625 0.3015625 0.165625
2 0.8015625 0.1734375 0.275 0.196875
2 0.44609375 0.5515625 0.1328125 0.0765625
2 0.4578125 0.42109375 0.2140625 0.1546875
2 0.24609375 0.59296875 0.090625 0.0515625
2 0.16640625 0.60703125 0.08125 0.0578125
2 0.2125 0.56640625 0.090625 0.075
2 0.165625 0.2765625 0.33125 0.24375
2 0.05390625 0.428125 0.1078125 0.121875
2 0.7234375 0.48125 0.128125 0.084375
2 0.68515625 0.44375 0.16875 0.115625
2 0.54609375 0.5734375 0.059375 0.0578125
2 0.5125 0.67734375 0.040625 0.0296875
2 0.72265625 0.59296875 0.0671875 0.05625
2 0.32734375 0.70234375 0.053125 0.0515625
2 0.80546875 0.5296875 0.09375 0.0578125
2 0.97421875 0.5484375 0.0515625 0.040625