0 0.315625 0.7921875 0.34296875 0.146875
0 0.79375 0.740625 0.25625 0.14765625
0 0.65234375 0.634375 0.1890625 0.09296875
0 0.91875 0.50390625 0.09609375 0.04765625
0 0.9421875 0.559375 0.11484375 0.04765625
0 0.89375 0.625 0.2125 0.078125
0 0.36015625 0.5484375 0.12421875 0.05234375
0 0.55546875 0.55703125 0.1390625 0.0625
0 0.71015625 0.53984375 0.12578125 0.065625
0 0.6109375 0.509375 0.07421875 0.034375
0 0.16015625 0.5734375 0.1171875 0.0546875
0 0.06640625 0.60234375 0.0890625 0.05
0 0.25 0.68671875 0.21875 0.09140625
0 0.3828125 0.615625 0.128125 0.07578125