0 0.3640625 0.171875 0.403125 0.23125
0 0.8578125 0.32890625 0.284375 0.2140625
0 0.69609375 0.4140625 0.225 0.140625
0 0.9453125 0.61015625 0.0921875 0.06875
0 0.96328125 0.55 0.0734375 0.065625
0 0.91640625 0.46953125 0.1671875 0.1171875
0 0.3609375 0.44609375 0.1453125 0.0828125
0 0.57421875 0.478125 0.1640625 0.096875
0 0.7375 0.5296875 0.15 0.0984375
0 0.625 0.54140625 0.0875 0.053125
0 0.14921875 0.3765625 0.1390625 0.084375
0 0.0640625 0.32734375 0.0859375 0.06875
0 0.2703125 0.2734375 0.25625 0.1453125
0 0.39921875 0.37890625 0.1546875 0.109375