0 0.2828125 0.21953125 0.3703125 0.1890625
0 0.78203125 0.22109375 0.2796875 0.1796875
0 0.646875 0.3453125 0.2046875 0.115625
0 0.93671875 0.4515625 0.1046875 0.059375
0 0.94296875 0.39296875 0.1015625 0.059375
0 0.8859375 0.33046875 0.2046875 0.1015625
0 0.3546875 0.465625 0.134375 0.0671875
0 0.55546875 0.4359375 0.15 0.0796875
0 0.71640625 0.4375 0.1375 0.08125
0 0.61796875 0.4796875 0.08125 0.04375
0 0.14609375 0.4625 0.1265625 0.06875
0 0.046875 0.44140625 0.09375 0.0609375
0 0.22578125 0.3359375 0.2359375 0.11875
0 0.37109375 0.3953125 0.140625 0.0921875