0 0.7890625 0.23984375 0.40625 0.2234375
0 0.24765625 0.21328125 0.3109375 0.209375
0 0.38671875 0.35546875 0.2265625 0.1375
0 0.0671875 0.4546875 0.115625 0.0703125
0 0.0640625 0.390625 0.1125 0.0703125
0 0.12890625 0.32578125 0.2234375 0.1203125
0 0.696875 0.50234375 0.146875 0.08125
0 0.48046875 0.4578125 0.165625 0.09375
0 0.30625 0.45078125 0.1515625 0.0953125
0 0.41015625 0.50234375 0.0890625 0.0515625
0 0.9234375 0.51015625 0.140625 0.08125
0 0.9890625 0.4875 0.021875 0.059375
0 0.84375 0.36875 0.259375 0.140625
0 0.6828125 0.42421875 0.15625 0.10625