2 0.559375 0.69921875 0.2796875 0.09296875
2 0.13203125 0.721875 0.2640625 0.1328125
2 0.57265625 0.45546875 0.121875 0.04375
2 0.52890625 0.57578125 0.18828125 0.10625
2 0.771875 0.4671875 0.0828125 0.03046875
2 0.85 0.4734375 0.071875 0.0390625
2 0.796875 0.5 0.0765625 0.0546875
2 0.7734375 0.78515625 0.30390625 0.16484375
2 0.93359375 0.6765625 0.13203125 0.0890625
2 0.29453125 0.45078125 0.11484375 0.0546875
2 0.32109375 0.49609375 0.14921875 0.0765625
2 0.484375 0.409375 0.04765625 0.0453125
2 0.54140625 0.31953125 0.03515625 0.01953125
2 0.32265625 0.346875 0.05703125 0.04140625
2 0.721875 0.34375 0.04296875 0.040625
2 0.228125 0.38515625 0.08515625 0.03515625
2 0.0734375 0.32421875 0.04609375 0.028125