2 0.39140625 0.28046875 0.31875 0.14375
2 0.83515625 0.19375 0.26875 0.1796875
2 0.415625 0.5484375 0.1390625 0.0671875
2 0.44375 0.4109375 0.2203125 0.14375
2 0.196875 0.565625 0.0953125 0.0453125
2 0.11015625 0.5703125 0.084375 0.053125
2 0.16484375 0.53359375 0.0921875 0.071875
2 0.16171875 0.21953125 0.3234375 0.2265625
2 0.0328125 0.35703125 0.065625 0.1078125
2 0.71875 0.51015625 0.1328125 0.0765625
2 0.68203125 0.46484375 0.1734375 0.10625
2 0.51796875 0.584375 0.059375 0.05625
2 0.46953125 0.690625 0.0421875 0.0265625
2 0.703125 0.62734375 0.06875 0.053125
2 0.26875 0.69296875 0.053125 0.05
2 0.8 0.57109375 0.0984375 0.0515625
2 0.975 0.6140625 0.05 0.0375