0 0.55625 0.60078125 0.0984375 0.071875
0 0.25859375 0.4609375 0.16875 0.121875
0 0.53046875 0.35234375 0.178125 0.1140625
0 0.7484375 0.42890625 0.115625 0.1265625
2 0.8046875 0.50078125 0.0953125 0.109375
2 0.7125 0.50703125 0.128125 0.0875
1 0.65234375 0.4953125 0.109375 0.0796875
0 0.34453125 0.7328125 0.0765625 0.0453125
1 0.42734375 0.678125 0.0640625 0.0578125
2 0.45078125 0.48046875 0.2546875 0.1578125
2 0.4046875 0.578125 0.1640625 0.1359375
1 0.91328125 0.446875 0.125 0.1078125
1 0.84765625 0.3703125 0.125 0.10625
1 0.28515625 0.36875 0.175 0.1265625