0 0.51484375 0.38671875 0.0984375 0.0734375
0 0.28984375 0.62734375 0.16875 0.1234375
0 0.58359375 0.628125 0.1796875 0.115625
0 0.759375 0.4734375 0.1171875 0.1265625
2 0.78359375 0.3859375 0.0953125 0.109375
2 0.6953125 0.4140625 0.128125 0.0875
1 0.64453125 0.4484375 0.109375 0.0796875
0 0.2671875 0.3421875 0.0765625 0.0453125
1 0.36484375 0.3625 0.065625 0.0578125
2 0.4609375 0.5375 0.25625 0.159375
2 0.38203125 0.4640625 0.165625 0.1375
1 0.90546875 0.3953125 0.125 0.1078125
1 0.87265625 0.49140625 0.1265625 0.1078125
1 0.34921875 0.7046875 0.175 0.1265625