0 0.57265625 0.3203125 0.1109375 0.0796875
0 0.315625 0.5875 0.1890625 0.134375
0 0.6453125 0.59140625 0.2 0.1265625
0 0.84453125 0.4234375 0.1296875 0.140625
2 0.8734375 0.32578125 0.10625 0.121875
2 0.77421875 0.35546875 0.1421875 0.0953125
1 0.715625 0.39296875 0.121875 0.0875
0 0.29609375 0.26640625 0.0859375 0.05
1 0.40546875 0.29140625 0.071875 0.065625
2 0.51015625 0.48984375 0.2859375 0.1734375
2 0.421875 0.4046875 0.184375 0.1515625
1 0.96484375 0.34609375 0.0484375 0.1046875
1 0.95 0.44765625 0.1 0.1109375
1 0.38046875 0.6734375 0.1953125 0.1390625