0 0.521875 0.61875 0.09375 0.0609375
0 0.25234375 0.4140625 0.1609375 0.1
0 0.54921875 0.3625 0.171875 0.090625
0 0.753125 0.48671875 0.1015625 0.1140625
2 0.79375 0.57109375 0.0828125 0.1
2 0.7 0.5578125 0.121875 0.0703125
1 0.64140625 0.5328125 0.103125 0.065625
0 0.2796875 0.70703125 0.075 0.034375
1 0.375 0.66953125 0.059375 0.0515625
2 0.4421875 0.475 0.246875 0.1234375
2 0.375 0.56328125 0.153125 0.115625
1 0.915625 0.53984375 0.1140625 0.09375
1 0.86484375 0.4484375 0.115625 0.0921875
1 0.2984375 0.3265625 0.165625 0.103125