0 0.534375 0.3890625 0.0890625 0.05625
0 0.2703125 0.58203125 0.15234375 0.09375
0 0.55625 0.63671875 0.16484375 0.084375
0 0.7546875 0.5203125 0.09609375 0.10859375
2 0.7953125 0.43984375 0.078125 0.0953125
2 0.7046875 0.45078125 0.11640625 0.06484375
1 0.6484375 0.47421875 0.0984375 0.0609375
0 0.30234375 0.3 0.07109375 0.03203125
1 0.39296875 0.33828125 0.05625 0.0484375
2 0.45390625 0.5265625 0.2359375 0.1140625
2 0.390625 0.43984375 0.1453125 0.109375
1 0.91171875 0.471875 0.10859375 0.08828125
1 0.86171875 0.55859375 0.11015625 0.0859375
1 0.31328125 0.66640625 0.1578125 0.09765625