1 0.5671875 0.83046875 0.2328125 0.2328125
0 0.93515625 0.65 0.096875 0.0828125
0 0.32109375 0.8390625 0.2640625 0.175
0 0.08828125 0.6625 0.171875 0.15625
0 0.55859375 0.5484375 0.1171875 0.06875
0 0.08203125 0.44453125 0.10625 0.06875
0 0.73671875 0.596875 0.1640625 0.1
2 0.41640625 0.6296875 0.3078125 0.1515625
2 0.0890625 0.82734375 0.178125 0.2171875
2 0.165625 0.4421875 0.1015625 0.1328125
2 0.2828125 0.71328125 0.3765625 0.25
1 0.06640625 0.578125 0.1328125 0.15
1 0.56328125 0.45703125 0.1234375 0.084375
1 0.88828125 0.60625 0.16875 0.109375
1 0.7921875 0.72109375 0.365625 0.2515625
1 0.434375 0.36484375 0.0953125 0.0734375