1 0.63125 0.334375 0.2265625 0.2265625
0 0.8890625 0.6484375 0.1484375 0.0953125
0 0.428125 0.221875 0.2515625 0.175
0 0.15859375 0.2703125 0.1671875 0.1515625
0 0.503125 0.56640625 0.1109375 0.06875
0 0.0609375 0.45 0.1 0.06875
0 0.67265625 0.60234375 0.15625 0.1
2 0.41875 0.43671875 0.2890625 0.15625
2 0.2 0.11015625 0.25625 0.2203125
2 0.1296875 0.4875 0.1 0.1265625
2 0.34296875 0.3109375 0.359375 0.25
1 0.0953125 0.32578125 0.153125 0.14375
1 0.46875 0.6453125 0.1171875 0.084375
1 0.80390625 0.65859375 0.159375 0.109375
1 0.78203125 0.525 0.36875 0.2546875
1 0.321875 0.6671875 0.090625 0.0734375