1 0.25234375 0.76875 0.2296875 0.2296875
0 0.47890625 0.8703125 0.2625 0.16875
0 0.7625 0.79296875 0.1703125 0.153125
0 0.3671875 0.509375 0.1171875 0.065625
0 0.85078125 0.5921875 0.1046875 0.065625
0 0.1828125 0.48671875 0.1640625 0.0953125
2 0.46953125 0.6390625 0.309375 0.14375
2 0.77109375 0.92890625 0.3265625 0.1421875
2 0.7734375 0.55859375 0.1 0.13125
2 0.5625 0.7671875 0.3765625 0.2421875
1 0.8515625 0.7328125 0.2078125 0.153125
1 0.396875 0.421875 0.121875 0.08125
1 0.06015625 0.44140625 0.1203125 0.0984375
1 0.1328125 0.5875 0.265625 0.23125
1 0.55234375 0.384375 0.09375 0.071875