1 0.39765625 0.70234375 0.16953125 0.16953125
0 0.0921875 0.484375 0.12578125 0.05703125
0 0.60390625 0.7546875 0.21015625 0.11015625
0 0.8328125 0.646875 0.1296875 0.11015625
0 0.45546875 0.465625 0.0953125 0.040625
0 0.87734375 0.46328125 0.084375 0.04296875
0 0.29609375 0.47421875 0.1328125 0.06015625
2 0.5609375 0.56015625 0.25546875 0.08046875
2 0.8671875 0.80546875 0.26015625 0.17109375
2 0.80703125 0.446875 0.06875 0.10234375
2 0.659375 0.6546875 0.3 0.1578125
1 0.89921875 0.58203125 0.1625 0.1046875
1 0.4671875 0.38671875 0.09765625 0.05390625
1 0.165625 0.45546875 0.134375 0.06875
1 0.21640625 0.56953125 0.30859375 0.16015625
1 0.59296875 0.3328125 0.0734375 0.05