1 0.56953125 0.26875 0.190625 0.190625
0 0.90625 0.4765625 0.1359375 0.06875
0 0.34765625 0.2296875 0.228125 0.13125
0 0.11484375 0.359375 0.14375 0.125
0 0.52578125 0.52265625 0.103125 0.0484375
0 0.08203125 0.55625 0.0921875 0.0515625
0 0.69296875 0.50234375 0.1453125 0.0734375
2 0.4078125 0.43046875 0.2734375 0.103125
2 0.1046875 0.19296875 0.209375 0.1953125
2 0.15703125 0.56875 0.0796875 0.1125
2 0.296875 0.3390625 0.3265625 0.1875
1 0.06953125 0.43203125 0.1390625 0.1203125
1 0.51875 0.60625 0.10625 0.0640625
1 0.83046875 0.5125 0.1453125 0.08125
1 0.76953125 0.39609375 0.3375 0.190625
1 0.38984375 0.67265625 0.08125 0.0578125