2 0.6421875 0.8984375 0.078125 0.11875
2 0.2046875 0.6921875 0.0921875 0.11875
2 0.42734375 0.87265625 0.0828125 0.1265625
2 0.92578125 0.465625 0.08125 0.109375
2 0.70546875 0.61015625 0.1203125 0.084375
1 0.834375 0.1859375 0.0796875 0.084375
1 0.22734375 0.22421875 0.1015625 0.0875
1 0.6421875 0.07890625 0.0765625 0.0671875
1 0.32265625 0.78046875 0.1140625 0.0953125
1 0.18671875 0.41015625 0.0609375 0.08125
1 0.746875 0.47734375 0.1015625 0.084375
1 0.66640625 0.35078125 0.0953125 0.1078125
0 0.68671875 0.7375 0.06875 0.0671875