2 0.5671875 0.0953125 0.0609375 0.1078125
2 0.17578125 0.36171875 0.075 0.10625
2 0.36328125 0.15234375 0.0640625 0.11484375
2 0.90859375 0.4703125 0.065625 0.09921875
2 0.6734375 0.36484375 0.109375 0.0671875
1 0.86328125 0.75546875 0.06796875 0.07265625
1 0.26875 0.8109375 0.0890625 0.0734375
1 0.69296875 0.88828125 0.06796875 0.05546875
1 0.2765625 0.25859375 0.10078125 0.07890625
1 0.20234375 0.6375 0.04921875 0.071875
1 0.73359375 0.48671875 0.08984375 0.06953125
1 0.675 0.62109375 0.0796875 0.09453125
0 0.63515625 0.24375 0.059375 0.05625