2 0.28984375 0.08828125 0.0875 0.11875
2 0.7703125 0.28046875 0.1046875 0.13125
2 0.52109375 0.0984375 0.0953125 0.1375
2 0.02734375 0.559375 0.0546875 0.115625
2 0.2359375 0.396875 0.1328125 0.096875
1 0.121875 0.86015625 0.090625 0.09375
1 0.77265625 0.78359375 0.1125 0.1
1 0.33515625 0.96328125 0.0859375 0.0734375
1 0.63828125 0.1921875 0.1265625 0.1078125
1 0.8046875 0.58203125 0.0703125 0.0890625
1 0.2 0.54140625 0.1125 0.0953125
1 0.29296875 0.6734375 0.1078125 0.1203125
0 0.25 0.25859375 0.0765625 0.0734375