2 0.36015625 0.9140625 0.0796875 0.1265625
2 0.8265625 0.66328125 0.096875 0.1265625
2 0.59375 0.87421875 0.084375 0.134375
2 0.0328125 0.45703125 0.065625 0.1171875
2 0.2734375 0.6015625 0.1296875 0.0875
1 0.10859375 0.1453125 0.084375 0.0890625
1 0.775 0.15234375 0.1078125 0.0921875
1 0.3125 0.02578125 0.08125 0.0515625
1 0.70234375 0.76640625 0.121875 0.1
1 0.8296875 0.35390625 0.0640625 0.0859375
1 0.2203125 0.459375 0.1078125 0.0875
1 0.3015625 0.31640625 0.1 0.115625
0 0.3015625 0.740625 0.0734375 0.0703125