2 0.42109375 0.02578125 0.071875 0.046875
2 0.884375 0.25703125 0.09375 0.1265625
2 0.6546875 0.05078125 0.08125 0.1015625
2 0.06015625 0.43828125 0.08125 0.1171875
2 0.31953125 0.30078125 0.1296875 0.084375
1 0.134375 0.75859375 0.0828125 0.0875
1 0.81484375 0.77578125 0.1078125 0.090625
1 0.33828125 0.896875 0.08125 0.06875
1 0.76171875 0.14765625 0.1203125 0.096875
1 0.87734375 0.57265625 0.0625 0.084375
1 0.26015625 0.44296875 0.1078125 0.0859375
1 0.33828125 0.5921875 0.0984375 0.1140625
0 0.353125 0.159375 0.071875 0.06875