0 0.45546875 0.59765625 0.0875 0.0671875
0 0.61015625 0.625 0.0515625 0.04921875
0 0.05625 0.509375 0.09609375 0.05
0 0.57578125 0.88046875 0.13203125 0.0640625
2 0.5171875 0.49453125 0.16953125 0.06328125
0 0.8421875 0.7015625 0.05390625 0.05703125
1 0.1140625 0.62265625 0.13125 0.08359375
1 0.86796875 0.3828125 0.13125 0.04453125
1 0.35625 0.47109375 0.14609375 0.07109375
1 0.34453125 0.8890625 0.11640625 0.071875
1 0.621875 0.48359375 0.04609375 0.05546875
0 0.478125 0.325 0.04765625 0.0390625
0 0.77890625 0.2609375 0.03828125 0.02890625
1 0.671875 0.7046875 0.14609375 0.11796875