0 0.5328125 0.596875 0.0921875 0.0734375
0 0.375 0.6140625 0.0546875 0.053125
0 0.94140625 0.53671875 0.1 0.05625
0 0.39140625 0.87421875 0.1375 0.0734375
2 0.47734375 0.4890625 0.175 0.0765625
0 0.13515625 0.675 0.0578125 0.0609375
1 0.875 0.646875 0.1390625 0.09375
1 0.13203125 0.3515625 0.134375 0.053125
1 0.64140625 0.47734375 0.1515625 0.08125
1 0.62421875 0.8984375 0.1234375 0.08125
1 0.37265625 0.47109375 0.05 0.059375
0 0.52890625 0.3203125 0.0515625 0.0421875
0 0.23046875 0.23515625 0.040625 0.0328125
1 0.30703125 0.68984375 0.15625 0.1296875