0 0.44921875 0.4046875 0.090625 0.071875
0 0.60234375 0.36953125 0.0546875 0.0515625
0 0.05234375 0.51484375 0.0984375 0.0546875
0 0.55390625 0.11484375 0.1359375 0.0703125
2 0.51640625 0.50546875 0.1734375 0.0734375
0 0.83203125 0.28046875 0.0578125 0.059375
1 0.1046875 0.39765625 0.1359375 0.090625
1 0.87421875 0.59921875 0.134375 0.0515625
1 0.35546875 0.5375 0.15 0.078125
1 0.321875 0.11796875 0.1203125 0.078125
1 0.621875 0.51171875 0.0484375 0.0578125
0 0.4859375 0.678125 0.05 0.0421875
0 0.7921875 0.7265625 0.0390625 0.03125
1 0.6609375 0.28671875 0.153125 0.1265625