0 0.40234375 0.60078125 0.1046875 0.084375
0 0.571875 0.64921875 0.0625 0.0609375
0 0.503125 0.92890625 0.1546875 0.0859375
2 0.48359375 0.49296875 0.1953125 0.090625
0 0.82109375 0.76171875 0.0671875 0.0703125
1 0.0484375 0.58984375 0.096875 0.1046875
1 0.88671875 0.409375 0.1515625 0.0640625
1 0.30703125 0.4484375 0.1703125 0.0953125
1 0.2453125 0.91171875 0.1375 0.0921875
1 0.6015625 0.49296875 0.0578125 0.0671875
0 0.46015625 0.29921875 0.0578125 0.0484375
0 0.80234375 0.2640625 0.046875 0.0375
1 0.63046875 0.74453125 0.1765625 0.1484375