0 0.37578125 0.64921875 0.109375 0.0875
0 0.559375 0.66484375 0.065625 0.0625
0 0.54375 0.9609375 0.159375 0.078125
2 0.4375 0.52265625 0.2046875 0.090625
0 0.8375 0.73046875 0.06875 0.071875
1 0.03671875 0.7078125 0.0484375 0.1
1 0.83515625 0.35546875 0.1578125 0.0640625
1 0.246875 0.5109375 0.178125 0.096875
1 0.27421875 0.97578125 0.1421875 0.0484375
1 0.5578125 0.49921875 0.059375 0.06875
0 0.37421875 0.32734375 0.059375 0.05
0 0.71875 0.22265625 0.046875 0.0375
1 0.63984375 0.7515625 0.1828125 0.153125