0 0.67890625 0.5 0.0625 0.06875
0 0.86640625 0.44375 0.0703125 0.0640625
0 0.7125 0.3703125 0.05625 0.059375
0 0.37421875 0.853125 0.065625 0.075
0 0.3234375 0.925 0.075 0.078125
0 0.52265625 0.65546875 0.071875 0.0734375
0 0.67578125 0.64453125 0.053125 0.0546875
0 0.859375 0.88984375 0.0625 0.0625
1 0.1703125 0.8265625 0.1046875 0.09375
1 0.36015625 0.78828125 0.071875 0.065625
1 0.94296875 0.73125 0.05625 0.0859375
1 0.9296875 0.3109375 0.0890625 0.078125
1 0.51875 0.178125 0.0609375 0.0578125
1 0.38359375 0.040625 0.0859375 0.08125
1 0.13515625 0.52109375 0.0859375 0.06875
1 0.5921875 0.97734375 0.08125 0.0453125
1 0.1390625 0.39140625 0.078125 0.084375
1 0.68671875 0.31953125 0.0671875 0.0640625
2 0.95546875 0.48671875 0.0890625 0.1265625
1 0.77109375 0.5 0.109375 0.1046875
1 0.78046875 0.7671875 0.0765625 0.053125
2 0.23984375 0.58046875 0.159375 0.0734375
2 0.19453125 0.2484375 0.1390625 0.13125
2 0.60234375 0.15 0.125 0.1390625
2 0.35 0.4125 0.1484375 0.14375
1 0.91640625 0.15078125 0.1421875 0.13125
1 0.22421875 0.91953125 0.1140625 0.090625
1 0.44609375 0.63984375 0.15 0.1515625
1 0.0625 0.428125 0.0828125 0.084375