0 0.653125 0.53828125 0.0625 0.0671875
0 0.78984375 0.66328125 0.06875 0.0625
0 0.62734375 0.66171875 0.05625 0.059375
0 0.53984375 0.11015625 0.065625 0.075
0 0.525 0.0328125 0.075 0.065625
0 0.584375 0.33984375 0.071875 0.071875
0 0.71015625 0.41328125 0.053125 0.0546875
0 0.96875 0.28046875 0.0625 0.0625
1 0.35546875 0.046875 0.103125 0.09375
1 0.5015625 0.16015625 0.071875 0.0671875
1 0.971875 0.45546875 0.05625 0.0921875
1 0.7875 0.803125 0.0875 0.078125
1 0.38203125 0.74609375 0.0609375 0.0578125
1 0.2109375 0.80703125 0.084375 0.08125
1 0.19765625 0.29296875 0.084375 0.0703125
1 0.78203125 0.084375 0.078125 0.0671875
1 0.14765625 0.40546875 0.078125 0.0828125
1 0.58515625 0.6953125 0.0671875 0.0640625
2 0.90546875 0.67109375 0.134375 0.13125
1 0.73203125 0.57578125 0.10625 0.103125
1 0.85078125 0.35234375 0.0734375 0.053125
2 0.3125 0.2859375 0.1515625 0.0796875
2 0.13515625 0.5515625 0.1359375 0.13125
2 0.4421875 0.80390625 0.1234375 0.1359375
2 0.3359375 0.47578125 0.146875 0.1421875
1 0.71015625 0.934375 0.140625 0.13125
1 0.43671875 0.01796875 0.1078125 0.0359375
1 0.5125 0.32109375 0.1484375 0.15
1 0.09765625 0.34296875 0.08125 0.084375