0 0.3859375 0.47109375 0.059375 0.065625
0 0.2046875 0.41015625 0.0671875 0.0609375
0 0.35859375 0.34296875 0.0546875 0.0578125
0 0.6734375 0.828125 0.0625 0.0734375
0 0.72109375 0.9 0.071875 0.075
0 0.53515625 0.6296875 0.06875 0.0703125
0 0.38515625 0.6140625 0.05 0.053125
0 0.196875 0.84765625 0.0609375 0.0609375
1 0.87421875 0.81015625 0.1015625 0.0890625
1 0.6890625 0.76484375 0.06875 0.0640625
1 0.0984375 0.69140625 0.09375 0.0890625
1 0.14765625 0.2765625 0.084375 0.075
1 0.55546875 0.1609375 0.059375 0.0546875
1 0.690625 0.034375 0.08125 0.06875
1 0.91953125 0.5109375 0.0828125 0.065625
1 0.45546875 0.9578125 0.078125 0.0703125
1 0.9203125 0.38359375 0.075 0.08125
1 0.384375 0.29453125 0.0640625 0.0609375
2 0.0921875 0.4515625 0.13125 0.1265625
1 0.29609375 0.46875 0.103125 0.0984375
1 0.278125 0.73046875 0.0734375 0.05
2 0.81484375 0.56640625 0.15625 0.0671875
2 0.87109375 0.240625 0.1328125 0.1265625
2 0.47421875 0.13046875 0.11875 0.1328125
2 0.7125 0.39765625 0.1421875 0.1375
1 0.165625 0.12109375 0.1359375 0.125
1 0.8203125 0.90859375 0.1125 0.10625
1 0.6109375 0.6171875 0.14375 0.1453125
1 0.9765625 0.42421875 0.0453125 0.0765625