0 0.3109375 0.56015625 0.0640625 0.0703125
0 0.15703125 0.68671875 0.071875 0.065625
0 0.33125 0.69453125 0.0578125 0.0609375
0 0.45546875 0.1078125 0.06875 0.078125
0 0.47578125 0.0296875 0.0765625 0.059375
0 0.3953125 0.35234375 0.075 0.075
0 0.25703125 0.4234375 0.0546875 0.05625
0 0.009375 0.265625 0.01875 0.065625
1 0.65703125 0.05078125 0.1078125 0.096875
1 0.49453125 0.16328125 0.0734375 0.06875
1 0.15078125 0.8375 0.090625 0.08125
1 0.5890625 0.7984375 0.0625 0.059375
1 0.7703125 0.87421875 0.0875 0.084375
1 0.8125 0.3234375 0.0890625 0.071875
1 0.1984375 0.07421875 0.0796875 0.0546875
1 0.86015625 0.446875 0.08125 0.0875
1 0.37421875 0.73203125 0.0703125 0.0671875
2 0.06015625 0.68203125 0.0859375 0.125
1 0.2234375 0.59609375 0.1125 0.1078125
1 0.10859375 0.35 0.078125 0.0546875
2 0.690625 0.309375 0.1625 0.078125
2 0.865625 0.60390625 0.1421875 0.1359375
2 0.521875 0.8578125 0.128125 0.1421875
2 0.65390625 0.51015625 0.153125 0.1484375
1 0.2265625 0.95703125 0.146875 0.0859375
1 0.57265625 0.01640625 0.1109375 0.0328125
1 0.4734375 0.33515625 0.1546875 0.15625
1 0.91640625 0.3828125 0.084375 0.0875