0 0.62734375 0.52265625 0.04609375 0.05390625
0 0.7828125 0.60390625 0.0546875 0.04765625
0 0.634375 0.6421875 0.04296875 0.04609375
0 0.41875 0.1578125 0.0484375 0.06015625
0 0.38671875 0.0859375 0.05703125 0.06015625
0 0.515625 0.3578125 0.0546875 0.05625
0 0.6484375 0.39375 0.040625 0.04296875
0 0.853125 0.20859375 0.0484375 0.0484375
1 0.234375 0.14609375 0.0828125 0.06953125
1 0.3953125 0.21328125 0.05625 0.05
1 0.91953125 0.3640625 0.07578125 0.07109375
1 0.81640625 0.7328125 0.06953125 0.05859375
1 0.43046875 0.77890625 0.04765625 0.04375
1 0.28828125 0.87734375 0.065625 0.0625
1 0.15078125 0.409375 0.06953125 0.05
1 0.634375 0.071875 0.06328125 0.05625
1 0.13203125 0.525 0.05859375 0.065625
1 0.60390625 0.68203125 0.05234375 0.0484375
2 0.89140625 0.58203125 0.1046875 0.1
1 0.709375 0.5375 0.084375 0.07890625
1 0.76328125 0.303125 0.06328125 0.0359375
2 0.253125 0.375 0.13828125 0.040625
2 0.15625 0.66171875 0.1078125 0.1
2 0.5 0.81796875 0.09296875 0.10859375
2 0.321875 0.5421875 0.11484375 0.10859375
1 0.77734375 0.87109375 0.1109375 0.09921875
1 0.29765625 0.06015625 0.09140625 0.09140625
1 0.4453125 0.35859375 0.11484375 0.11640625
1 0.07109375 0.4796875 0.06328125 0.065625