0 0.42578125 0.35703125 0.1703125 0.115625
0 0.7046875 0.48828125 0.0734375 0.0703125
0 0.415625 0.621875 0.0625 0.0515625
0 0.67734375 0.58203125 0.0765625 0.0625
2 0.5734375 0.55625 0.1640625 0.0984375
1 0.4296875 0.465625 0.0796875 0.065625
1 0.22265625 0.38125 0.146875 0.0703125
1 0.2140625 0.3 0.14375 0.0890625
1 0.8296875 0.5125 0.15625 0.0890625
1 0.96640625 0.63046875 0.0390625 0.04375
1 0.5734375 0.484375 0.20625 0.1046875
1 0.1265625 0.46171875 0.140625 0.0671875
1 0.965625 0.36640625 0.06875 0.1046875
1 0.77265625 0.3796875 0.0953125 0.0625
2 0.7375 0.61640625 0.1734375 0.1
2 0.590625 0.41640625 0.1515625 0.11875
2 0.28828125 0.50390625 0.09375 0.078125
2 0.48828125 0.621875 0.0703125 0.0703125
0 0.2796875 0.6484375 0.0625 0.0515625
2 0.17421875 0.53984375 0.11875 0.0890625