0 0.64921875 0.578125 0.134375 0.07265625
0 0.39140625 0.5171875 0.053125 0.05078125
0 0.609375 0.35390625 0.04765625 0.03515625
0 0.39765625 0.434375 0.0578125 0.04296875
2 0.48984375 0.4375 0.13203125 0.05859375
1 0.62578125 0.4875 0.0609375 0.04375
1 0.815625 0.521875 0.12109375 0.0359375
1 0.8375 0.5875 0.115625 0.053125
1 0.28203125 0.51953125 0.12734375 0.0515625
1 0.1 0.4453125 0.11796875 0.03203125
1 0.50234375 0.49765625 0.16953125 0.05546875
1 0.88125 0.4359375 0.11640625 0.03515625
1 0.1328125 0.66953125 0.1671875 0.07421875
1 0.35390625 0.62109375 0.075 0.0390625
2 0.340625 0.41484375 0.13984375 0.0578125
2 0.5 0.5578125 0.11640625 0.07890625
2 0.73828125 0.43046875 0.0703125 0.053125
2 0.5484375 0.36640625 0.05078125 0.05078125
0 0.71953125 0.30703125 0.04765625 0.03515625
2 0.82734375 0.3796875 0.0921875 0.05859375
2 0.0859375 0.7984375 0.171875 0.121875