0 0.34453125 0.55 0.1453125 0.084375
0 0.61953125 0.5 0.0578125 0.05625
0 0.3984375 0.31640625 0.053125 0.040625
0 0.6171875 0.4125 0.0625 0.0484375
2 0.5203125 0.41015625 0.1421875 0.06875
1 0.37421875 0.45546875 0.065625 0.05
1 0.17265625 0.48125 0.1296875 0.0453125
1 0.14609375 0.54921875 0.125 0.0625
1 0.73515625 0.509375 0.1375 0.0609375
1 0.93046875 0.440625 0.1265625 0.040625
1 0.50390625 0.47265625 0.18125 0.0671875
1 0.1078125 0.38828125 0.125 0.04375
1 0.88359375 0.675 0.1796875 0.0875
1 0.65390625 0.6109375 0.08125 0.0453125
2 0.678125 0.3953125 0.15 0.06875
2 0.503125 0.53671875 0.1265625 0.090625
2 0.25859375 0.38984375 0.0765625 0.059375
2 0.46171875 0.3328125 0.05625 0.05625
0 0.2859375 0.2609375 0.053125 0.040625
2 0.16796875 0.33046875 0.1 0.0671875
2 0.909375 0.8125 0.15625 0.1359375