0 0.303125 0.46328125 0.15625 0.1015625
0 0.590625 0.484375 0.065625 0.0640625
0 0.38359375 0.696875 0.0578125 0.0453125
0 0.59765625 0.575 0.0703125 0.05625
2 0.4984375 0.5875 0.1515625 0.0859375
1 0.34296875 0.55625 0.0734375 0.0578125
1 0.1328125 0.5515625 0.1359375 0.059375
1 0.0984375 0.484375 0.1328125 0.0765625
1 0.70859375 0.46328125 0.146875 0.0765625
1 0.91640625 0.5125 0.1328125 0.0546875
1 0.475 0.52421875 0.1921875 0.0890625
1 0.07890625 0.65546875 0.125 0.05625
1 0.84296875 0.27578125 0.19375 0.109375
1 0.6140625 0.365625 0.0875 0.0546875
2 0.6625 0.5859375 0.1609375 0.0859375
2 0.46640625 0.459375 0.1390625 0.10625
2 0.23125 0.6375 0.084375 0.06875
2 0.446875 0.6734375 0.0640625 0.0640625
0 0.27265625 0.7671875 0.0578125 0.0453125
2 0.14375 0.7078125 0.109375 0.0796875
2 0.8625 0.13125 0.1875 0.1578125