0 0.6609375 0.49296875 0.1625 0.103125
0 0.3609375 0.5203125 0.0671875 0.065625
0 0.58125 0.73984375 0.059375 0.046875
0 0.3546875 0.615625 0.071875 0.0578125
2 0.45859375 0.6265625 0.159375 0.0875
1 0.62109375 0.59140625 0.0765625 0.059375
1 0.83984375 0.58359375 0.1421875 0.0609375
1 0.87578125 0.51171875 0.1390625 0.078125
1 0.2375 0.5 0.1515625 0.0796875
1 0.04453125 0.5578125 0.0890625 0.05
1 0.4828125 0.5609375 0.2 0.0890625
1 0.9015625 0.68984375 0.1375 0.0578125
1 0.1046875 0.31015625 0.1734375 0.10625
1 0.334375 0.39765625 0.090625 0.05625
2 0.2875 0.628125 0.1671875 0.0875
2 0.48984375 0.4921875 0.14375 0.1078125
2 0.7390625 0.67421875 0.0875 0.0703125
2 0.51484375 0.715625 0.065625 0.065625
0 0.69765625 0.81015625 0.059375 0.046875
2 0.83125 0.7453125 0.1125 0.08125
2 0.1 0.1609375 0.1328125 0.153125