1 0.640625 0.47578125 0.06953125 0.09765625
0 0.92421875 0.5203125 0.090625 0.06484375
0 0.51953125 0.54296875 0.0765625 0.08046875
0 0.38359375 0.53671875 0.1109375 0.06953125
0 0.19609375 0.21328125 0.06484375 0.04140625
0 0.50078125 0.71328125 0.115625 0.071875
1 0.40625 0.24375 0.05625 0.0546875
1 0.3171875 0.6296875 0.1 0.07109375
2 0.2859375 0.2921875 0.10859375 0.04296875
2 0.61796875 0.2984375 0.10234375 0.05703125
2 0.07109375 0.69609375 0.140625 0.06484375
2 0.809375 0.28671875 0.0875 0.06328125
2 0.2984375 0.4515625 0.184375 0.078125
2 0.52578125 0.17578125 0.0828125 0.05625
2 0.57578125 0.8078125 0.14296875 0.09140625
1 0.39453125 0.79296875 0.1109375 0.09609375
1 0.88203125 0.790625 0.10390625 0.09140625
1 0.88125 0.171875 0.08046875 0.034375
1 0.48125 0.22734375 0.08203125 0.0671875
1 0.765625 0.53125 0.1515625 0.07109375
1 0.7890625 0.453125 0.1578125 0.0828125
2 0.428125 0.6125 0.171875 0.1125
1 0.503125 0.325 0.11015625 0.04375
1 0.08125 0.63515625 0.13828125 0.0765625
1 0.446875 0.8921875 0.1828125 0.07109375
1 0.60859375 0.5875 0.09375 0.06953125