1 0.68125 0.46484375 0.096875 0.1203125
0 0.96796875 0.4515625 0.0640625 0.08125
0 0.5671875 0.5640625 0.1 0.103125
0 0.4203125 0.58828125 0.134375 0.1
0 0.146875 0.28515625 0.078125 0.059375
0 0.5859375 0.75 0.140625 0.103125
1 0.378125 0.26953125 0.071875 0.071875
1 0.3703125 0.70234375 0.1234375 0.0984375
2 0.2609375 0.3484375 0.1265625 0.0703125
2 0.61640625 0.28046875 0.121875 0.084375
2 0.1296875 0.82734375 0.15 0.0984375
2 0.81875 0.225 0.1078125 0.0875
2 0.31015625 0.51640625 0.215625 0.125
2 0.490625 0.16953125 0.1015625 0.078125
2 0.68671875 0.83359375 0.1734375 0.1296875
1 0.490625 0.85859375 0.140625 0.128125
1 0.971875 0.74609375 0.05625 0.1203125
1 0.86875 0.08515625 0.09375 0.0546875
1 0.4546875 0.2359375 0.103125 0.090625
1 0.8265625 0.4953125 0.178125 0.109375
1 0.834375 0.40625 0.1875 0.125
2 0.48515625 0.65859375 0.209375 0.159375
1 0.5 0.334375 0.128125 0.071875
1 0.1203125 0.76171875 0.1625 0.1140625
1 0.56796875 0.946875 0.2109375 0.10625
1 0.671875 0.59140625 0.115625 0.0953125