1 0.628125 0.49296875 0.1 0.1234375
0 0.9296875 0.37734375 0.1140625 0.0921875
0 0.4796875 0.44765625 0.103125 0.10625
0 0.33203125 0.4859375 0.1390625 0.103125
0 0.2 0.8859375 0.08125 0.0609375
0 0.41875 0.2640625 0.14375 0.10625
1 0.425 0.80390625 0.075 0.0734375
1 0.23671875 0.39921875 0.1265625 0.1015625
2 0.28125 0.778125 0.1296875 0.0734375
2 0.64453125 0.69375 0.1265625 0.0875
2 0.0171875 0.3734375 0.034375 0.084375
2 0.8578125 0.66171875 0.1125 0.090625
2 0.2578125 0.59921875 0.2203125 0.1296875
2 0.57265625 0.85 0.1046875 0.08125
2 0.4796875 0.14375 0.178125 0.134375
1 0.284375 0.2015625 0.1453125 0.1328125
1 0.8203125 0.090625 0.1359375 0.125
1 0.9578125 0.7703125 0.084375 0.05625
1 0.5109375 0.80390625 0.10625 0.09375
1 0.75234375 0.403125 0.1828125 0.1140625
1 0.796875 0.484375 0.1921875 0.128125
2 0.36171875 0.3921875 0.215625 0.1640625
1 0.51171875 0.69140625 0.13125 0.0734375
1 0.0296875 0.440625 0.059375 0.1
1 0.3171875 0.08046875 0.21875 0.1203125
1 0.56640625 0.37734375 0.11875 0.0984375