1 0.34609375 0.47734375 0.084375 0.1125
0 0.040625 0.50546875 0.08125 0.0765625
0 0.4734375 0.5609375 0.090625 0.0953125
0 0.6234375 0.56328125 0.128125 0.084375
0 0.85546875 0.22265625 0.0734375 0.0515625
0 0.48125 0.75 0.1328125 0.0890625
1 0.621875 0.2390625 0.065625 0.065625
1 0.68984375 0.671875 0.115625 0.0859375
2 0.75 0.30234375 0.1234375 0.0546875
2 0.384375 0.28359375 0.1171875 0.0703125
2 0.93046875 0.76171875 0.109375 0.078125
2 0.17421875 0.25546875 0.1015625 0.0765625
2 0.72421875 0.4765625 0.209375 0.1
2 0.49453125 0.1546875 0.0953125 0.0671875
2 0.39140625 0.846875 0.1640625 0.1109375
1 0.59140625 0.8453125 0.1296875 0.1140625
1 0.0578125 0.80390625 0.115625 0.1078125
1 0.103125 0.1234375 0.0921875 0.04375
1 0.5390625 0.21640625 0.0953125 0.0796875
1 0.20390625 0.528125 0.171875 0.0890625
1 0.1828125 0.440625 0.1796875 0.103125
2 0.56875 0.64453125 0.1984375 0.1375
1 0.50859375 0.32109375 0.1234375 0.05625
1 0.93046875 0.69453125 0.1203125 0.0921875
1 0.52734375 0.95078125 0.2078125 0.0921875
1 0.371875 0.603125 0.109375 0.084375