1 0.634375 0.5484375 0.0859375 0.1078125
0 0.92109375 0.55390625 0.1 0.0796875
0 0.5265625 0.4609375 0.0890625 0.0921875
0 0.39140625 0.44375 0.121875 0.0875
0 0.15078125 0.7296875 0.0703125 0.0515625
0 0.5375 0.28984375 0.1265625 0.090625
1 0.36328125 0.7359375 0.065625 0.0640625
1 0.3421875 0.340625 0.1109375 0.0875
2 0.253125 0.6671875 0.1140625 0.0609375
2 0.58125 0.71875 0.1109375 0.0734375
2 0.11171875 0.23203125 0.15 0.0875
2 0.76796875 0.7640625 0.096875 0.078125
2 0.29296875 0.5125 0.1953125 0.109375
2 0.46875 0.8234375 0.090625 0.0703125
2 0.628125 0.21015625 0.15625 0.115625
1 0.446875 0.19296875 0.1265625 0.1140625
1 0.9265625 0.28046875 0.11875 0.1078125
1 0.81875 0.8890625 0.0859375 0.0484375
1 0.434375 0.765625 0.0921875 0.0796875
1 0.7671875 0.515625 0.1609375 0.096875
1 0.7765625 0.59609375 0.1703125 0.109375
2 0.4484375 0.3765625 0.1890625 0.140625
1 0.47265625 0.67265625 0.115625 0.0625
1 0.1109375 0.29453125 0.15 0.1
1 0.515625 0.1046875 0.1921875 0.1015625
1 0.621875 0.4328125 0.1046875 0.084375