2 0.528125 0.74140625 0.2109375 0.1328125
2 0.3375 0.765625 0.228125 0.1
2 0.63046875 0.6171875 0.07421875 0.09609375
2 0.3140625 0.5109375 0.14140625 0.04296875
2 0.9265625 0.46015625 0.0953125 0.0734375
2 0.1015625 0.4671875 0.10625 0.04375
2 0.29453125 0.5875 0.134375 0.05234375
0 0.7796875 0.92109375 0.17578125 0.11328125
0 0.0796875 0.8 0.1109375 0.06953125
2 0.534375 0.521875 0.13203125 0.06015625
2 0.74609375 0.5796875 0.14765625 0.05390625
2 0.1625 0.5546875 0.09765625 0.05234375
0 0.296875 0.69609375 0.08515625 0.05703125
2 0.68203125 0.41953125 0.065625 0.0328125
0 0.45078125 0.46171875 0.0609375 0.0265625
2 0.23515625 0.43203125 0.04453125 0.04140625
0 0.81328125 0.446875 0.04765625 0.0265625
2 0.0828125 0.928125 0.165625 0.121875
2 0.35625 0.40703125 0.06640625 0.0390625
0 0.875 0.5640625 0.0453125 0.0515625