2 0.5125 0.7546875 0.2546875 0.1890625
2 0.71953125 0.73671875 0.2640625 0.1578125
2 0.375 0.6453125 0.1 0.11875
2 0.6875 0.46171875 0.159375 0.0765625
2 0.0421875 0.5421875 0.084375 0.09375
2 0.90234375 0.3671875 0.121875 0.0703125
2 0.72578125 0.53828125 0.1546875 0.0859375
0 0.28359375 0.96015625 0.2109375 0.0796875
0 0.96640625 0.71640625 0.0671875 0.0984375
2 0.45546875 0.5234375 0.153125 0.09375
2 0.24375 0.63203125 0.16875 0.090625
2 0.8578125 0.47421875 0.115625 0.078125
0 0.74765625 0.65390625 0.1046875 0.0796875
2 0.27578125 0.446875 0.078125 0.05
0 0.53125 0.43984375 0.0703125 0.0421875
2 0.753125 0.36015625 0.05625 0.053125
0 0.14375 0.50625 0.0578125 0.0390625
2 0.96171875 0.8453125 0.0765625 0.140625
2 0.61875 0.3609375 0.0796875 0.05625
0 0.103125 0.6453125 0.059375 0.0640625