2 0.64609375 0.80078125 0.2625 0.1953125
2 0.44296875 0.87109375 0.2734375 0.1625
2 0.7296875 0.63984375 0.1046875 0.1234375
2 0.3578125 0.59765625 0.165625 0.0796875
2 0.978125 0.40703125 0.04375 0.0859375
2 0.11640625 0.59921875 0.1265625 0.0734375
2 0.35390625 0.6859375 0.159375 0.0890625
0 0.92734375 0.89453125 0.1453125 0.0796875
0 0.16875 0.95859375 0.1375 0.0828125
2 0.60234375 0.5578125 0.1578125 0.096875
2 0.84765625 0.57265625 0.175 0.09375
2 0.20234375 0.68046875 0.11875 0.0796875
0 0.3828125 0.8046875 0.10625 0.0828125
2 0.73984375 0.41171875 0.0796875 0.0515625
0 0.49609375 0.51171875 0.071875 0.04375
2 0.253125 0.53046875 0.0578125 0.05625
0 0.8890625 0.41171875 0.059375 0.040625
2 0.38046875 0.47421875 0.08125 0.059375
0 0.9765625 0.52578125 0.046875 0.0671875