2 0.45 0.25859375 0.2234375 0.1484375
2 0.64375 0.22421875 0.2390625 0.1140625
2 0.3515625 0.3921875 0.08125 0.103125
2 0.68125 0.484375 0.146875 0.0515625
2 0.05625 0.56875 0.1015625 0.0796875
2 0.90078125 0.51640625 0.1109375 0.0515625
2 0.69765625 0.4046875 0.140625 0.0609375
0 0.18203125 0.0890625 0.1859375 0.125
0 0.90546875 0.175 0.1171875 0.0765625
2 0.4546875 0.484375 0.1375 0.06875
2 0.234375 0.43671875 0.1546875 0.0640625
2 0.834375 0.43046875 0.103125 0.059375
0 0.6890625 0.29296875 0.090625 0.0625
2 0.30859375 0.59765625 0.0703125 0.0375
0 0.54375 0.54140625 0.0640625 0.03125
2 0.7671875 0.56015625 0.0484375 0.0453125
0 0.1734375 0.57578125 0.05 0.0296875
2 0.89375 0.05546875 0.171875 0.1109375
2 0.64296875 0.5921875 0.0703125 0.04375
0 0.10390625 0.45859375 0.05 0.05625