2 0.5640625 0.75625 0.2421875 0.1671875
2 0.36171875 0.80390625 0.2578125 0.134375
2 0.66015625 0.61015625 0.090625 0.1125
2 0.30625 0.53125 0.1578125 0.0625
2 0.9515625 0.40859375 0.090625 0.0875
2 0.07265625 0.50859375 0.11875 0.059375
2 0.29375 0.61640625 0.15 0.071875
0 0.8546875 0.91171875 0.2 0.125
0 0.0921875 0.86953125 0.11875 0.0875
2 0.54609375 0.51875 0.1484375 0.0796875
2 0.78125 0.55703125 0.165625 0.075
2 0.14765625 0.59609375 0.1109375 0.0671875
0 0.309375 0.73359375 0.0984375 0.071875
2 0.69375 0.390625 0.075 0.04375
0 0.44921875 0.46328125 0.06875 0.0359375
2 0.2125 0.45546875 0.053125 0.05
0 0.83828125 0.40625 0.0546875 0.034375
2 0.1203125 0.96640625 0.153125 0.0671875
2 0.34140625 0.415625 0.0765625 0.05
0 0.91796875 0.52578125 0.0546875 0.0609375