1 0.4484375 0.28125 0.071875 0.0578125
1 0.29296875 0.63828125 0.1046875 0.0859375
1 0.0625 0.54609375 0.090625 0.1015625
1 0.2515625 0.42578125 0.06875 0.0671875
1 0.34453125 0.43125 0.0734375 0.0953125
1 0.45390625 0.390625 0.075 0.075
1 0.6171875 0.45546875 0.075 0.0828125
1 0.70234375 0.421875 0.09375 0.1015625
1 0.8171875 0.56875 0.0828125 0.1109375
1 0.9484375 0.49375 0.103125 0.103125
1 0.8375 0.92890625 0.121875 0.1421875
1 0.27578125 0.8546875 0.1234375 0.103125
1 0.94609375 0.25703125 0.0625 0.053125
1 0.8609375 0.3640625 0.0984375 0.0640625
1 0.5984375 0.15234375 0.0640625 0.05625
1 0.43671875 0.11875 0.0703125 0.05
1 0.465625 0.20234375 0.059375 0.0421875