1 0.628125 0.70546875 0.08125 0.0703125
1 0.69921875 0.321875 0.11875 0.1046875
1 0.940625 0.36171875 0.0984375 0.115625
1 0.7875 0.51953125 0.0796875 0.078125
1 0.69609375 0.5359375 0.0890625 0.10625
1 0.59765625 0.59921875 0.0875 0.0875
1 0.42421875 0.57265625 0.0890625 0.0953125
1 0.35 0.625 0.1109375 0.115625
1 0.2046875 0.5078125 0.1015625 0.1234375
1 0.0859375 0.6109375 0.13125 0.1234375
1 0.10078125 0.15546875 0.15 0.1734375
1 0.6671875 0.10703125 0.1390625 0.125
1 0.14921875 0.840625 0.0703125 0.0640625
1 0.2078125 0.7171875 0.1078125 0.08125
1 0.5109375 0.86328125 0.0734375 0.0671875
1 0.6765625 0.8609375 0.078125 0.0625
1 0.6296875 0.7859375 0.065625 0.0515625