1 0.57890625 0.72421875 0.071875 0.0578125
1 0.72421875 0.35546875 0.10625 0.0875
1 0.95859375 0.4421875 0.0828125 0.103125
1 0.77421875 0.5703125 0.0703125 0.06875
1 0.6796875 0.56875 0.075 0.0953125
1 0.56875 0.6125 0.0765625 0.075
1 0.40078125 0.553125 0.0765625 0.084375
1 0.31640625 0.590625 0.0953125 0.103125
1 0.19453125 0.4453125 0.084375 0.1125
1 0.0578125 0.5265625 0.115625 0.1046875
1 0.16015625 0.07890625 0.125 0.146875
1 0.73359375 0.13515625 0.125 0.10625
1 0.07421875 0.7671875 0.0640625 0.0546875
1 0.15625 0.65546875 0.1 0.065625
1 0.43125 0.86015625 0.0640625 0.0578125
1 0.596875 0.88984375 0.0703125 0.0515625
1 0.56484375 0.80546875 0.059375 0.0421875