1 0.4328125 0.28203125 0.06796875 0.05390625
1 0.2890625 0.62890625 0.1 0.08125
1 0.065625 0.54375 0.0859375 0.09609375
1 0.24609375 0.425 0.065625 0.06328125
1 0.33515625 0.428125 0.06875 0.08984375
1 0.440625 0.3875 0.07109375 0.0703125
1 0.5984375 0.44765625 0.07109375 0.07890625
1 0.67890625 0.41328125 0.0890625 0.0953125
1 0.79296875 0.553125 0.078125 0.1046875
1 0.925 0.4796875 0.10859375 0.09765625
1 0.81953125 0.90625 0.115625 0.146875
1 0.2765625 0.8375 0.11640625 0.0984375
1 0.91171875 0.25078125 0.05859375 0.05
1 0.83203125 0.3546875 0.09453125 0.06015625
1 0.575 0.15625 0.06015625 0.053125
1 0.41875 0.12578125 0.06640625 0.04765625
1 0.44765625 0.20625 0.05625 0.0390625