1 0.58671875 0.203125 0.084375 0.071875
1 0.809375 0.56484375 0.1265625 0.1078125
1 0.821875 0.3296875 0.084375 0.0828125
1 0.721875 0.34921875 0.09375 0.1125
1 0.596875 0.32265625 0.0921875 0.090625
1 0.43046875 0.4171875 0.09375 0.1015625
1 0.334375 0.39296875 0.1171875 0.1234375
1 0.2328125 0.56953125 0.10625 0.13125
1 0.07109375 0.5109375 0.1390625 0.128125
1 0.2640625 0.93828125 0.153125 0.1234375
1 0.86015625 0.796875 0.1484375 0.1296875
1 0.0453125 0.25234375 0.075 0.0671875
1 0.153125 0.3546875 0.115625 0.084375
1 0.40546875 0.08671875 0.0765625 0.0703125
1 0.57421875 0.02890625 0.0828125 0.0578125
1 0.55703125 0.1203125 0.06875 0.053125