2 0.30703125 0.134375 0.2109375 0.26875
0 0.3984375 0.134375 0.125 0.1046875
0 0.15078125 0.5015625 0.1671875 0.19375
0 0.30234375 0.9203125 0.1046875 0.1
0 0.76875 0.54296875 0.1765625 0.1171875
0 0.64453125 0.29453125 0.1375 0.1640625
0 0.50859375 0.33125 0.1640625 0.1296875
2 0.046875 0.38828125 0.090625 0.1234375
2 0.13515625 0.7296875 0.2703125 0.240625
0 0.53828125 0.68359375 0.209375 0.1328125
2 0.93203125 0.821875 0.11875 0.1328125
2 0.88125 0.6609375 0.234375 0.2609375
1 0.54296875 0.84609375 0.1921875 0.1515625
1 0.7640625 0.859375 0.1921875 0.14375
1 0.67421875 0.7734375 0.109375 0.1234375
1 0.34609375 0.37890625 0.1796875 0.178125
1 0.13984375 0.33359375 0.1484375 0.1453125
2 0.86015625 0.15546875 0.175 0.165625
2 0.7671875 0.315625 0.10625 0.1234375
2 0.91171875 0.4015625 0.1765625 0.28125
0 0.209375 0.21875 0.128125 0.1375
2 0.6171875 0.1390625 0.28125 0.2265625
2 0.353125 0.68046875 0.190625 0.3125