2 0.69921875 0.8734375 0.2546875 0.253125
0 0.59609375 0.89921875 0.146875 0.1265625
0 0.90234375 0.515625 0.1953125 0.228125
0 0.77421875 0.06171875 0.11875 0.075
0 0.22421875 0.41015625 0.20625 0.1453125
0 0.3390625 0.69765625 0.1671875 0.1953125
0 0.49375 0.6703125 0.19375 0.1578125
2 0.9734375 0.64765625 0.0390625 0.1359375
2 0.8921875 0.26171875 0.215625 0.2828125
0 0.49453125 0.27734375 0.2421875 0.165625
2 0.090625 0.0890625 0.1046875 0.1546875
2 0.13125 0.27109375 0.24375 0.3046875
1 0.50546875 0.09609375 0.2265625 0.1859375
1 0.2609375 0.07421875 0.225 0.1484375
1 0.35234375 0.16484375 0.1328125 0.146875
1 0.67734375 0.6328125 0.215625 0.2140625
1 0.89921875 0.70390625 0.175 0.1734375
2 0.0953125 0.83125 0.190625 0.2
2 0.2046875 0.6625 0.1296875 0.1453125
2 0.08203125 0.55390625 0.1640625 0.3234375
0 0.8125 0.82421875 0.1546875 0.1640625
2 0.35390625 0.8671875 0.3296875 0.265625
2 0.69921875 0.29921875 0.240625 0.3625