2 0.7375 0.1453125 0.2078125 0.2859375
0 0.6453125 0.1484375 0.1234375 0.103125
0 0.875 0.53046875 0.1640625 0.190625
0 0.70078125 0.94296875 0.103125 0.0984375
0 0.2515625 0.5390625 0.1765625 0.1140625
0 0.38984375 0.296875 0.134375 0.1625
0 0.52578125 0.34140625 0.1625 0.1265625
2 0.9703125 0.42265625 0.059375 0.1234375
2 0.8703125 0.76015625 0.253125 0.2359375
0 0.4765625 0.69296875 0.2078125 0.1296875
2 0.065625 0.81015625 0.13125 0.1328125
2 0.1265625 0.653125 0.2453125 0.259375
1 0.46328125 0.85625 0.190625 0.15
1 0.23984375 0.8578125 0.190625 0.140625
1 0.33515625 0.77578125 0.1078125 0.121875
1 0.684375 0.396875 0.178125 0.1765625
1 0.89453125 0.3625 0.146875 0.14375
2 0.18046875 0.14609375 0.171875 0.1640625
2 0.26484375 0.3109375 0.1046875 0.121875
2 0.10078125 0.38984375 0.2015625 0.2796875
0 0.83046875 0.24296875 0.1265625 0.1359375
2 0.425 0.14140625 0.278125 0.221875
2 0.6625 0.69921875 0.1859375 0.3109375