2 0.7484375 0.1546875 0.2171875 0.2890625
0 0.65703125 0.153125 0.125 0.1078125
0 0.86328125 0.5390625 0.16875 0.1953125
0 0.67109375 0.93203125 0.10625 0.1015625
0 0.253125 0.51484375 0.178125 0.1203125
0 0.40078125 0.284375 0.1390625 0.165625
0 0.53046875 0.334375 0.165625 0.1328125
2 0.96484375 0.43671875 0.0703125 0.1234375
2 0.85390625 0.7625 0.2734375 0.2453125
0 0.46484375 0.67578125 0.209375 0.1375
2 0.0625 0.76875 0.125 0.1375
2 0.125 0.61875 0.25 0.265625
1 0.44375 0.83515625 0.19375 0.15625
1 0.22578125 0.82578125 0.19375 0.146875
1 0.32265625 0.75 0.1109375 0.125
1 0.68359375 0.39765625 0.1828125 0.18125
1 0.890625 0.375 0.15 0.146875
2 0.20390625 0.12578125 0.1765625 0.16875
2 0.278125 0.2921875 0.109375 0.125
2 0.11328125 0.36171875 0.2140625 0.2828125
0 0.83359375 0.2546875 0.13125 0.1390625
2 0.4421875 0.13515625 0.284375 0.23125
2 0.64609375 0.69140625 0.1984375 0.3125