2 0.7140625 0.14765625 0.1953125 0.2765625
0 0.625 0.153125 0.1171875 0.09765625
0 0.853125 0.5171875 0.1546875 0.18125
0 0.6921875 0.9171875 0.09765625 0.09375
0 0.25234375 0.53671875 0.1671875 0.1078125
0 0.38125 0.30078125 0.1265625 0.1546875
0 0.5125 0.340625 0.1546875 0.1203125
2 0.9578125 0.4109375 0.084375 0.1171875
2 0.86640625 0.7390625 0.2671875 0.2234375
0 0.471875 0.68046875 0.1984375 0.12109375
2 0.0703125 0.8 0.140625 0.12578125
2 0.13359375 0.64765625 0.23125 0.2453125
1 0.46171875 0.8375 0.18125 0.140625
1 0.246875 0.84296875 0.18125 0.1328125
1 0.33671875 0.7625 0.1015625 0.115625
1 0.6671875 0.3921875 0.16875 0.1671875
1 0.86875 0.3546875 0.13984375 0.13515625
2 0.178125 0.15859375 0.16328125 0.1546875
2 0.26171875 0.315625 0.09921875 0.115625
2 0.1046875 0.3953125 0.1921875 0.26640625
0 0.8046875 0.24140625 0.1203125 0.128125
2 0.41328125 0.15078125 0.26484375 0.209375
2 0.65078125 0.6828125 0.17421875 0.296875