2 0.44765625 0.27578125 0.290625 0.278125
2 0.74609375 0.1609375 0.3265625 0.321875
2 0.828125 0.5265625 0.1046875 0.18125
2 0.784375 0.74765625 0.31875 0.15625
2 0.42109375 0.8953125 0.315625 0.2046875
2 0.275 0.33203125 0.3171875 0.221875
2 0.1578125 0.65625 0.2859375 0.1671875
2 0.50234375 0.69140625 0.28125 0.1875
2 0.56171875 0.41953125 0.309375 0.221875
0 0.28515625 0.49921875 0.18125 0.2
0 0.52109375 0.53828125 0.1609375 0.1375
0 0.74921875 0.31875 0.1703125 0.1796875
0 0.6078125 0.22265625 0.1515625 0.1203125
0 0.91953125 0.36171875 0.103125 0.096875
0 0.3390625 0.57734375 0.096875 0.103125
0 0.22421875 0.7421875 0.1578125 0.16875
1 0.06875 0.5203125 0.1375 0.146875
1 0.4125 0.1640625 0.1171875 0.1015625
1 0.71640625 0.67578125 0.134375 0.0984375
1 0.69609375 0.465625 0.1875 0.190625
1 0.2875 0.78359375 0.1203125 0.1203125
1 0.57421875 0.88125 0.08125 0.084375