2 0.60234375 0.33046875 0.30625 0.2921875
2 0.890625 0.3109375 0.21875 0.334375
2 0.90625 0.7265625 0.10625 0.1953125
2 0.77734375 0.9296875 0.3390625 0.140625
2 0.3578125 0.928125 0.33125 0.14375
2 0.40390625 0.32734375 0.340625 0.2265625
2 0.16015625 0.61953125 0.3203125 0.1734375
2 0.51015625 0.7796875 0.3015625 0.1921875
2 0.66875 0.5203125 0.33125 0.228125
0 0.35390625 0.50390625 0.1890625 0.2109375
0 0.584375 0.62890625 0.171875 0.14375
0 0.8984375 0.4828125 0.1796875 0.190625
0 0.7859375 0.3328125 0.1609375 0.1234375
0 0.38203125 0.6046875 0.1015625 0.1078125
0 0.2046875 0.73359375 0.165625 0.1796875
1 0.11171875 0.446875 0.171875 0.15625
1 0.6046875 0.20234375 0.125 0.10625
1 0.73671875 0.840625 0.1421875 0.1015625
1 0.79140625 0.61640625 0.196875 0.2
1 0.25625 0.79921875 0.128125 0.128125
1 0.51875 0.978125 0.08125 0.04375