2 0.5953125 0.23046875 0.3265625 0.3125
2 0.88203125 0.24375 0.2359375 0.359375
2 0.865625 0.65390625 0.121875 0.2015625
2 0.72265625 0.85625 0.3515625 0.1828125
2 0.290625 0.84140625 0.3515625 0.234375
2 0.39609375 0.21015625 0.3546875 0.253125
2 0.1453125 0.484375 0.290625 0.190625
2 0.4640625 0.6734375 0.3125 0.215625
2 0.6453125 0.4265625 0.3453125 0.2546875
0 0.33046875 0.38203125 0.203125 0.225
0 0.5515625 0.52734375 0.18125 0.15625
0 0.87890625 0.409375 0.19375 0.203125
0 0.7796875 0.2484375 0.16875 0.1359375
0 0.9859375 0.51875 0.028125 0.09375
0 0.35078125 0.48671875 0.109375 0.115625
0 0.1609375 0.6 0.178125 0.190625
1 0.1015625 0.30546875 0.1625 0.1640625
1 0.609375 0.1015625 0.13125 0.1140625
1 0.6859375 0.75390625 0.1484375 0.1125
1 0.76015625 0.53359375 0.2109375 0.2140625
1 0.2078125 0.66953125 0.1375 0.1375
1 0.45078125 0.89609375 0.090625 0.0953125