2 0.5109375 0.28984375 0.23984375 0.225
2 0.8140625 0.234375 0.26640625 0.26796875
2 0.82265625 0.59609375 0.07109375 0.16328125
2 0.740625 0.79609375 0.29296875 0.09609375
2 0.371875 0.86796875 0.28046875 0.1453125
2 0.3375 0.3109375 0.27890625 0.16171875
2 0.15390625 0.59609375 0.2859375 0.11328125
2 0.48515625 0.69140625 0.2484375 0.13515625
2 0.59140625 0.44609375 0.2703125 0.16484375
0 0.315625 0.4703125 0.14375 0.1671875
0 0.53125 0.55 0.13671875 0.1078125
0 0.7859375 0.3859375 0.13828125 0.14921875
0 0.6703125 0.26953125 0.1296875 0.0921875
0 0.9390625 0.4578125 0.08671875 0.078125
0 0.353125 0.5546875 0.078125 0.08515625
0 0.2140625 0.68828125 0.1265625 0.140625
1 0.0984375 0.45078125 0.13515625 0.1203125
1 0.49765625 0.178125 0.09921875 0.0796875
1 0.68984375 0.71640625 0.115625 0.07421875
1 0.709375 0.51484375 0.15234375 0.15625
1 0.2671875 0.7390625 0.09921875 0.09921875
1 0.51796875 0.8828125 0.065625 0.06953125