2 0.509375 0.7296875 0.2953125 0.28125
2 0.84296875 0.74921875 0.3140625 0.3328125
2 0.81171875 0.3484375 0.1 0.190625
2 0.69453125 0.13828125 0.3359375 0.1453125
2 0.27734375 0.109375 0.3296875 0.1984375
2 0.315625 0.72890625 0.33125 0.2171875
2 0.11953125 0.43515625 0.2390625 0.1546875
2 0.4265625 0.2890625 0.2921875 0.1828125
2 0.57734375 0.54453125 0.321875 0.21875
0 0.2703125 0.55625 0.18125 0.2046875
0 0.496875 0.43828125 0.165625 0.1375
0 0.80078125 0.5859375 0.1734375 0.184375
0 0.6890625 0.73046875 0.15625 0.11875
0 0.953125 0.4859375 0.09375 0.096875
0 0.29921875 0.4578125 0.096875 0.1046875
0 0.128125 0.32890625 0.159375 0.1734375
1 0.0578125 0.6046875 0.1125 0.14375
1 0.509375 0.8546875 0.1203125 0.1015625
1 0.65 0.23359375 0.1375 0.096875
1 0.6984375 0.45390625 0.1890625 0.19375
1 0.17890625 0.26640625 0.1234375 0.1234375
1 0.4375 0.07265625 0.08125 0.0859375