2 0.32890625 0.153125 0.2453125 0.1890625
2 0.7296875 0.26640625 0.3171875 0.225
2 0.8765625 0.81640625 0.246875 0.2703125
2 0.93671875 0.65625 0.1265625 0.190625
2 0.23203125 0.78125 0.3046875 0.2046875
2 0.4890625 0.8171875 0.30625 0.325
2 0.10234375 0.91328125 0.0921875 0.1734375
2 0.13984375 0.34296875 0.25 0.2171875
2 0.49765625 0.31328125 0.2109375 0.2203125
0 0.30078125 0.2890625 0.1078125 0.115625
0 0.2546875 0.52265625 0.18125 0.221875
0 0.3734375 0.43984375 0.09375 0.1015625
0 0.5046875 0.5 0.090625 0.1046875
0 0.71953125 0.4875 0.11875 0.121875
0 0.796875 0.521875 0.1109375 0.134375
0 0.8078125 0.66484375 0.18125 0.140625
0 0.675 0.73359375 0.1484375 0.146875
2 0.715625 0.91484375 0.209375 0.1375
2 0.35625 0.58359375 0.18125 0.2328125
2 0.49375 0.63515625 0.1859375 0.128125
2 0.584375 0.51171875 0.1125 0.2046875
2 0.64921875 0.61953125 0.1890625 0.11875
0 0.046875 0.49375 0.09375 0.11875