2 0.29140625 0.90859375 0.2515625 0.1625
2 0.7125 0.796875 0.334375 0.234375
2 0.865625 0.1953125 0.26875 0.309375
2 0.93046875 0.378125 0.1390625 0.2
2 0.18046875 0.2609375 0.3109375 0.209375
2 0.44765625 0.21640625 0.321875 0.340625
2 0.10859375 0.725 0.2171875 0.228125
2 0.465625 0.7515625 0.2203125 0.23125
0 0.25703125 0.78125 0.1125 0.121875
0 0.203125 0.534375 0.1890625 0.234375
0 0.33203125 0.61953125 0.0984375 0.10625
0 0.46953125 0.553125 0.0953125 0.109375
0 0.6984375 0.56171875 0.1234375 0.1296875
0 0.78046875 0.525 0.1171875 0.140625
0 0.7890625 0.37265625 0.190625 0.146875
0 0.64609375 0.30234375 0.1546875 0.1546875
2 0.6890625 0.10078125 0.221875 0.15625
2 0.3109375 0.4671875 0.1890625 0.24375
2 0.45546875 0.41015625 0.196875 0.1328125
2 0.553125 0.5390625 0.1171875 0.2171875
2 0.6203125 0.4234375 0.2 0.1234375
0 0.01640625 0.5734375 0.0328125 0.115625