2 0.39609375 0.15 0.20625 0.140625
2 0.74453125 0.3265625 0.271875 0.16171875
2 0.7921875 0.87421875 0.21171875 0.24140625
2 0.91015625 0.72734375 0.1796875 0.1546875
2 0.19453125 0.7109375 0.2640625 0.14375
2 0.425 0.790625 0.24140625 0.2640625
2 0.040625 0.8109375 0.08125 0.1578125
2 0.18828125 0.29140625 0.20625 0.1671875
2 0.52265625 0.328125 0.165625 0.17890625
0 0.3453125 0.2703125 0.08515625 0.09375
0 0.2609375 0.4765625 0.13671875 0.1859375
0 0.3859375 0.421875 0.07421875 0.08203125
0 0.4953125 0.50078125 0.06953125 0.08671875
0 0.6953125 0.528125 0.09375 0.09921875
0 0.7609375 0.5734375 0.08515625 0.11171875
0 0.7453125 0.70625 0.15234375 0.1046875
0 0.61015625 0.74609375 0.11875 0.1171875
2 0.6171875 0.928125 0.1796875 0.10859375
2 0.34375 0.55078125 0.13515625 0.1953125
2 0.4609375 0.62265625 0.16015625 0.090625
2 0.56640625 0.52578125 0.07265625 0.18125
2 0.60703125 0.63671875 0.16484375 0.08203125
0 0.05546875 0.41171875 0.1109375 0.096875