2 0.4328125 0.93359375 0.25 0.1328125
2 0.7921875 0.7046875 0.33125 0.228125
2 0.7484375 0.1203125 0.278125 0.240625
2 0.88359375 0.23359375 0.184375 0.1984375
2 0.1359375 0.37265625 0.271875 0.2046875
2 0.35546875 0.2453125 0.315625 0.3359375
2 0.1796875 0.84140625 0.259375 0.221875
2 0.54453125 0.7421875 0.215625 0.228125
0 0.3578125 0.83828125 0.1109375 0.11875
0 0.228125 0.62265625 0.184375 0.2296875
0 0.3765625 0.66171875 0.096875 0.1046875
0 0.484375 0.5546875 0.0921875 0.109375
0 0.70234375 0.4890625 0.121875 0.1265625
0 0.7671875 0.42734375 0.1140625 0.1390625
0 0.7265625 0.28203125 0.1875 0.14375
0 0.56875 0.26171875 0.153125 0.1515625
2 0.54375 0.0671875 0.21875 0.134375
2 0.30703125 0.52578125 0.184375 0.240625
2 0.425 0.425 0.19375 0.1296875
2 0.559375 0.5140625 0.1125 0.2140625
2 0.584375 0.38359375 0.196875 0.1203125
0 0.0515625 0.725 0.0609375 0.1140625