2 0.44375 0.91640625 0.259375 0.1671875
2 0.78515625 0.65859375 0.3375 0.2421875
2 0.71328125 0.1015625 0.2828125 0.203125
2 0.8578125 0.1828125 0.2 0.20625
2 0.12578125 0.3625 0.2515625 0.215625
2 0.325 0.2234375 0.328125 0.346875
2 0.18203125 0.828125 0.265625 0.2328125
2 0.54140625 0.709375 0.225 0.2359375
0 0.36015625 0.81484375 0.115625 0.1234375
0 0.21875 0.60703125 0.19375 0.2359375
0 0.36875 0.63828125 0.1 0.1078125
0 0.47109375 0.525 0.096875 0.1125
0 0.68515625 0.4484375 0.1265625 0.13125
0 0.74609375 0.38359375 0.1203125 0.14375
0 0.6984375 0.240625 0.1921875 0.1515625
0 0.53984375 0.228125 0.1578125 0.15625
2 0.50625 0.05390625 0.21875 0.1078125
2 0.29296875 0.50546875 0.1953125 0.246875
2 0.40390625 0.39921875 0.1984375 0.1375
2 0.54296875 0.48125 0.121875 0.215625
2 0.56171875 0.34921875 0.2 0.1296875
0 0.05234375 0.7171875 0.05625 0.1140625