2 0.04921875 0.3796875 0.0984375 0.196875
2 0.64140625 0.21484375 0.196875 0.2078125
2 0.4171875 0.11796875 0.225 0.1703125
0 0.44453125 0.3125 0.0796875 0.1203125
0 0.5140625 0.26171875 0.1125 0.11875
0 0.58515625 0.30546875 0.0703125 0.1125
0 0.80703125 0.04140625 0.1109375 0.0828125
0 0.940625 0.08515625 0.034375 0.0796875
0 0.56640625 0.959375 0.0953125 0.08125
0 0.72578125 0.91015625 0.090625 0.1015625
0 0.65859375 0.81171875 0.115625 0.1140625
0 0.09453125 0.7078125 0.1296875 0.109375
0 0.15390625 0.35234375 0.115625 0.121875
0 0.3265625 0.41953125 0.1109375 0.1078125
0 0.0296875 0.203125 0.059375 0.1
0 0.21484375 0.7265625 0.0828125 0.1140625
0 0.76171875 0.24765625 0.0828125 0.0921875