2 0.91015625 0.6453125 0.1796875 0.203125
2 0.29921875 0.82109375 0.19375 0.203125
2 0.51640625 0.9109375 0.2203125 0.16875
0 0.4875 0.7234375 0.078125 0.11875
0 0.42109375 0.7734375 0.1109375 0.1171875
0 0.3515625 0.7328125 0.06875 0.1109375
0 0.14140625 0.975 0.1078125 0.05
0 0.35625 0.08125 0.096875 0.11875
0 0.20546875 0.15 0.0890625 0.1
0 0.271875 0.24453125 0.1140625 0.1125
0 0.8203125 0.33515625 0.1265625 0.1078125
0 0.940625 0.4546875 0.11875 0.0875
0 0.76875 0.68046875 0.1125 0.1203125
0 0.59921875 0.61796875 0.1078125 0.1046875
0 0.9265625 0.8203125 0.1296875 0.1015625
0 0.70234375 0.31953125 0.0828125 0.1109375
0 0.18125 0.79140625 0.08125 0.090625