2 0.1 0.40703125 0.1890625 0.1828125
2 0.6609375 0.25 0.1734375 0.18125
2 0.46640625 0.1703125 0.196875 0.15
0 0.49296875 0.3375 0.0703125 0.10625
0 0.55234375 0.2921875 0.0984375 0.1046875
0 0.61484375 0.32890625 0.0609375 0.0984375
0 0.8015625 0.084375 0.096875 0.0984375
0 0.9296875 0.13203125 0.0546875 0.0734375
0 0.61015625 0.91171875 0.0875 0.10625
0 0.74453125 0.85 0.0796875 0.0890625
0 0.6859375 0.76640625 0.1015625 0.1
0 0.1953125 0.68515625 0.1125 0.096875
0 0.08125 0.57890625 0.1171875 0.0796875
0 0.24140625 0.3765625 0.1 0.10625
0 0.39296875 0.43203125 0.096875 0.09375
0 0.1 0.25078125 0.1171875 0.090625
0 0.30078125 0.6984375 0.0734375 0.0984375
0 0.765625 0.2765625 0.0734375 0.08125