2 0.88046875 0.6484375 0.1671875 0.159375
2 0.30703125 0.72578125 0.15078125 0.16171875
2 0.4875 0.83125 0.1796875 0.12578125
0 0.48515625 0.6625 0.05703125 0.09765625
0 0.4203125 0.69921875 0.08671875 0.0921875
0 0.36328125 0.6546875 0.0484375 0.0921875
0 0.14609375 0.86875 0.08515625 0.08671875
0 0.02421875 0.8046875 0.0484375 0.0671875
0 0.4484375 0.08125 0.07421875 0.09609375
0 0.3078125 0.1234375 0.06875 0.0796875
0 0.3546875 0.2140625 0.0890625 0.0875
0 0.825 0.36171875 0.1015625 0.08203125
0 0.9234375 0.4828125 0.10859375 0.0640625
0 0.7375 0.66015625 0.0875 0.09453125
0 0.59609375 0.58359375 0.08515625 0.08203125
0 0.859375 0.80234375 0.10625 0.075
0 0.72421875 0.334375 0.06171875 0.090625
0 0.20703125 0.68515625 0.0625 0.07265625