2 0.85859375 0.82734375 0.203125 0.21875
2 0.1875 0.790625 0.2125 0.2234375
2 0.37734375 0.93046875 0.2296875 0.1390625
0 0.409375 0.75859375 0.0890625 0.1265625
0 0.325 0.7859375 0.121875 0.1265625
0 0.26953125 0.72109375 0.078125 0.11875
0 0.0125 0.88828125 0.025 0.0546875
0 0.4984375 0.07265625 0.1078125 0.128125
0 0.32421875 0.0890625 0.0984375 0.1078125
0 0.35859375 0.20546875 0.125 0.1234375
0 0.8734375 0.48515625 0.1375 0.11875
0 0.93828125 0.64296875 0.096875 0.090625
0 0.70390625 0.8125 0.125 0.1296875
0 0.55703125 0.69140625 0.1171875 0.115625
0 0.8140625 0.975 0.140625 0.05
0 0.76171875 0.42890625 0.0921875 0.1203125
0 0.08046875 0.721875 0.0890625 0.0984375