2 0.6515625 0.27578125 0.128125 0.14921875
2 0.23359375 0.17734375 0.16015625 0.103125
2 0.140625 0.31328125 0.1203125 0.15234375
2 0.47109375 0.640625 0.14921875 0.06171875
2 0.71953125 0.70703125 0.1953125 0.07265625
2 0.46640625 0.85703125 0.05703125 0.14921875
2 0.43828125 0.55703125 0.16171875 0.06875
0 0.13984375 0.621875 0.05546875 0.04765625
0 0.2421875 0.50703125 0.08515625 0.07421875
0 0.2515625 0.31953125 0.08203125 0.05546875
1 0.56640625 0.3546875 0.1140625 0.128125
1 0.9640625 0.26640625 0.071875 0.18984375
1 0.94921875 0.08203125 0.1015625 0.1421875
1 0.93046875 0.5609375 0.1390625 0.23125
1 0.2828125 0.72890625 0.22890625 0.19375
2 0.33515625 0.5171875 0.05546875 0.053125
2 0.296875 0.10859375 0.18984375 0.08359375
2 0.33046875 0.0484375 0.16171875 0.06953125
2 0.0453125 0.04453125 0.08984375 0.0890625
0 0.159375 0.040625 0.05 0.05
1 0.55625 0.05859375 0.0625 0.05859375
1 0.5421875 0.196875 0.08203125 0.0921875
1 0.1625 0.91015625 0.20234375 0.1796875