2 0.375 0.27734375 0.15625 0.175
2 0.83359375 0.22734375 0.184375 0.13125
2 0.9140625 0.384375 0.1484375 0.178125
2 0.5203125 0.68984375 0.1671875 0.084375
2 0.24609375 0.72890625 0.2171875 0.103125
2 0.4953125 0.91875 0.08125 0.1625
2 0.565625 0.60546875 0.18125 0.09375
0 0.875 0.71484375 0.065625 0.0578125
0 0.78125 0.578125 0.1 0.090625
0 0.7953125 0.37734375 0.0953125 0.0703125
1 0.45546875 0.3734375 0.1390625 0.1515625
1 0.05625 0.228125 0.0765625 0.209375
1 0.09609375 0.0578125 0.1015625 0.115625
1 0.065625 0.5453125 0.13125 0.2625
1 0.70859375 0.80859375 0.26875 0.2359375
2 0.68125 0.57734375 0.0671875 0.0640625
2 0.77421875 0.14609375 0.2140625 0.1140625
2 0.74609375 0.078125 0.18125 0.0953125
0 0.93046875 0.09140625 0.059375 0.059375
1 0.50546875 0.059375 0.075 0.0703125
1 0.50234375 0.20859375 0.1 0.109375
1 0.8171875 0.9546875 0.23125 0.090625