2 0.584375 0.790625 0.159375 0.18125
2 0.10390625 0.86015625 0.1921875 0.1328125
2 0.04296875 0.7 0.0859375 0.18125
2 0.41640625 0.3609375 0.1734375 0.084375
2 0.70390625 0.31015625 0.228125 0.1015625
2 0.43359375 0.115625 0.0796875 0.1734375
2 0.371875 0.45078125 0.1890625 0.09375
0 0.0421875 0.34921875 0.065625 0.059375
0 0.14609375 0.48828125 0.103125 0.0921875
0 0.13828125 0.7015625 0.0984375 0.071875
1 0.49609375 0.69375 0.1421875 0.15625
1 0.93359375 0.83203125 0.0953125 0.221875
1 0.90234375 0.97578125 0.1171875 0.0484375
1 0.91796875 0.4953125 0.1640625 0.275
1 0.21328125 0.2421875 0.278125 0.240625
2 0.25078125 0.4859375 0.06875 0.065625
2 0.16875 0.934375 0.2203125 0.0953125
1 0.45390625 0.86875 0.1015625 0.1125
1 0.1234375 0.06875 0.184375 0.1375