2 0.31484375 0.2390625 0.184375 0.2
2 0.74375 0.04453125 0.20625 0.0890625
2 0.86796875 0.134375 0.140625 0.1921875
2 0.61953125 0.58515625 0.18125 0.1109375
2 0.3671875 0.73203125 0.234375 0.1359375
2 0.68828125 0.821875 0.10625 0.1796875
2 0.63203125 0.48515625 0.196875 0.121875
0 0.96953125 0.4671875 0.0609375 0.06875
0 0.83125 0.37265625 0.1140625 0.10625
0 0.765625 0.1703125 0.10625 0.0859375
1 0.43203125 0.30078125 0.1625 0.1734375
1 0.01875 0.31875 0.0375 0.228125
1 0.10234375 0.63125 0.2046875 0.29375
1 0.8484375 0.62734375 0.303125 0.2796875
2 0.7328125 0.4109375 0.0765625 0.075
2 0.65859375 0.01328125 0.2234375 0.0265625
1 0.4125 0.12109375 0.1171875 0.125
1 0.94921875 0.78671875 0.1015625 0.2203125