2 0.59375 0.2453125 0.1703125 0.1875
2 0.13828125 0.2515625 0.1921875 0.146875
2 0.0796875 0.4140625 0.159375 0.1875
2 0.5015625 0.6671875 0.1703125 0.1015625
2 0.775 0.671875 0.21875 0.125
2 0.55234375 0.89140625 0.096875 0.16875
2 0.44609375 0.58984375 0.184375 0.1125
0 0.15546875 0.73359375 0.0703125 0.0625
0 0.23125 0.5890625 0.10625 0.096875
0 0.19375 0.39296875 0.1 0.078125
1 0.5265625 0.3484375 0.15 0.1609375
1 0.9015625 0.15859375 0.1015625 0.209375
1 0.8390625 0.028125 0.11875 0.05625
1 0.925 0.46875 0.15 0.26875
1 0.33046875 0.80625 0.284375 0.2578125
2 0.3296875 0.57578125 0.071875 0.06875
2 0.1859375 0.1640625 0.215625 0.134375
2 0.2046875 0.0953125 0.184375 0.1109375
0 0.02890625 0.13046875 0.0578125 0.0640625
1 0.4390625 0.046875 0.0796875 0.0765625
1 0.46015625 0.19296875 0.1078125 0.115625
1 0.24765625 0.95234375 0.2453125 0.0953125