0 0.52890625 0.84140625 0.3703125 0.296875
0 0.825 0.64921875 0.2265625 0.2125
0 0.4875 0.6796875 0.3421875 0.2421875
2 0.02109375 0.78203125 0.0421875 0.2015625
2 0.54375 0.48515625 0.36875 0.346875
2 0.7515625 0.4453125 0.2390625 0.2484375
0 0.2453125 0.12734375 0.2234375 0.2171875
2 0.12109375 0.1640625 0.1609375 0.2875
2 0.1265625 0.3859375 0.253125 0.3375
1 0.6078125 0.30234375 0.1984375 0.1703125
1 0.209375 0.7578125 0.346875 0.3203125
2 0.2984375 0.45390625 0.184375 0.1859375
2 0.18046875 0.59453125 0.3609375 0.3109375