0 0.33515625 0.1359375 0.3046875 0.209375
0 0.1125 0.384375 0.1796875 0.159375
0 0.4125 0.27421875 0.290625 0.159375
2 0.9046875 0.06796875 0.190625 0.1359375
2 0.409375 0.465625 0.290625 0.2609375
2 0.2296875 0.55234375 0.18125 0.19375
0 0.76796875 0.71875 0.175 0.165625
2 0.9140625 0.6546875 0.171875 0.2578125
2 0.81484375 0.45234375 0.1765625 0.284375
1 0.39453125 0.64765625 0.1609375 0.125
1 0.946875 0.36015625 0.10625 0.128125
1 0.64765625 0.134375 0.275 0.2390625
2 0.63984375 0.43359375 0.1421875 0.14375
2 0.78046875 0.26796875 0.4390625 0.2078125