0 0.6453125 0.846875 0.27734375 0.18984375
0 0.84765625 0.62109375 0.16328125 0.1453125
0 0.575 0.72109375 0.26484375 0.1453125
2 0.10703125 0.92265625 0.21328125 0.15234375
2 0.57734375 0.546875 0.26484375 0.2375
2 0.74140625 0.46796875 0.165625 0.17734375
0 0.25078125 0.31640625 0.159375 0.15078125
2 0.0984375 0.375 0.19609375 0.234375
2 0.20859375 0.55859375 0.16015625 0.2578125
1 0.590625 0.38125 0.146875 0.11328125
1 0.0734375 0.64296875 0.1265625 0.1171875
1 0.3609375 0.8484375 0.25 0.21796875
2 0.36796875 0.5765625 0.1296875 0.13125
2 0.21953125 0.7265625 0.4390625 0.18984375