0 0.69609375 0.16171875 0.3203125 0.2390625
0 0.88125 0.42890625 0.1921875 0.175
0 0.60390625 0.2859375 0.3015625 0.1890625
2 0.14921875 0.05234375 0.2046875 0.1046875
2 0.584375 0.47265625 0.3140625 0.2875
2 0.7484375 0.578125 0.2 0.209375
0 0.20625 0.675 0.1890625 0.18125
2 0.08515625 0.59609375 0.1703125 0.2703125
2 0.19296875 0.4109375 0.2046875 0.296875
1 0.5765625 0.65 0.1703125 0.1390625
1 0.0734375 0.30703125 0.1203125 0.1390625
1 0.3921875 0.12734375 0.29375 0.2546875
2 0.3640625 0.41328125 0.1546875 0.15625
2 0.24609375 0.2375 0.453125 0.2546875