0 0.66640625 0.8546875 0.3078125 0.2234375
0 0.85703125 0.6 0.184375 0.1671875
0 0.58125 0.7296875 0.290625 0.1765625
2 0.12890625 0.946875 0.1921875 0.10625
2 0.56875 0.54765625 0.2984375 0.271875
2 0.7328125 0.45 0.1890625 0.2
0 0.20546875 0.33671875 0.1796875 0.171875
2 0.08203125 0.409375 0.1640625 0.259375
2 0.18359375 0.59375 0.190625 0.284375
1 0.5671875 0.3734375 0.1640625 0.13125
1 0.065625 0.6921875 0.1125 0.13125
1 0.36875 0.878125 0.28125 0.24375
2 0.3515625 0.59765625 0.146875 0.1484375
2 0.23125 0.76640625 0.434375 0.234375