0 0.5953125 0.79609375 0.2078125 0.146875
0 0.75390625 0.5890625 0.1015625 0.128125
0 0.95625 0.72421875 0.08671875 0.11015625
0 0.8 0.33984375 0.12421875 0.1265625
0 0.4546875 0.32890625 0.05546875 0.0546875
0 0.78125 0.5171875 0.153125 0.07109375
0 0.12734375 0.70078125 0.11015625 0.09375
2 0.49453125 0.5171875 0.1859375 0.12421875
2 0.603125 0.36796875 0.09921875 0.1796875
2 0.69375 0.4296875 0.13984375 0.1703125
2 0.6546875 0.63984375 0.103125 0.25
2 0.2421875 0.65390625 0.19375 0.21328125
1 0.846875 0.80625 0.1921875 0.14765625
1 0.5515625 0.653125 0.09921875 0.103125
1 0.915625 0.61484375 0.14375 0.1265625
2 0.88828125 0.55234375 0.1828125 0.10859375
2 0.465625 0.75 0.221875 0.11875