0 0.659375 0.7671875 0.2359375 0.190625
0 0.7671875 0.5296875 0.128125 0.1484375
0 0.9703125 0.61484375 0.059375 0.1265625
0 0.75625 0.2765625 0.15 0.1515625
0 0.4171875 0.34375 0.065625 0.065625
0 0.778125 0.453125 0.165625 0.103125
0 0.18203125 0.7796875 0.128125 0.115625
2 0.4984375 0.51796875 0.209375 0.1625
2 0.57109375 0.3484375 0.1375 0.196875
2 0.67265625 0.38828125 0.175 0.196875
2 0.68203125 0.6015625 0.15625 0.2671875
2 0.28359375 0.7078125 0.2375 0.2515625
1 0.8984375 0.7203125 0.203125 0.1875
1 0.584375 0.6375 0.1203125 0.1234375
1 0.92265625 0.51875 0.1546875 0.15625
2 0.88984375 0.46328125 0.203125 0.146875
2 0.52265625 0.7515625 0.2421875 0.165625