0 0.54375 0.21640625 0.24375 0.178125
0 0.7359375 0.44140625 0.1234375 0.1515625
0 0.9484375 0.2765625 0.0875 0.1296875
0 0.803125 0.7203125 0.1484375 0.1515625
0 0.41328125 0.753125 0.0671875 0.065625
0 0.77109375 0.52109375 0.178125 0.0890625
0 0.04296875 0.35 0.0859375 0.109375
2 0.446875 0.53828125 0.2171875 0.1515625
2 0.5796875 0.7 0.1234375 0.209375
2 0.67734375 0.62421875 0.1671875 0.2015625
2 0.6203125 0.38984375 0.13125 0.2890625
2 0.15390625 0.3984375 0.23125 0.253125
1 0.82890625 0.1890625 0.2265625 0.178125
1 0.50390625 0.38125 0.11875 0.1234375
1 0.915625 0.403125 0.1671875 0.1515625
2 0.88984375 0.47421875 0.2125 0.134375
2 0.4 0.27578125 0.2578125 0.146875