0 0.57109375 0.80546875 0.23125 0.165625
0 0.75 0.58046875 0.1140625 0.14375
0 0.95859375 0.73203125 0.0765625 0.121875
0 0.8046875 0.3078125 0.1390625 0.1421875
0 0.4265625 0.28828125 0.0625 0.0609375
0 0.78125 0.5015625 0.1703125 0.08125
0 0.0609375 0.69140625 0.121875 0.1046875
2 0.46640625 0.49609375 0.20625 0.140625
2 0.5890625 0.334375 0.1125 0.2
2 0.6859375 0.4046875 0.15625 0.1890625
2 0.6390625 0.634375 0.11875 0.2765625
2 0.18671875 0.6421875 0.2171875 0.2375
1 0.84765625 0.82109375 0.2140625 0.165625
1 0.5265625 0.64765625 0.1109375 0.115625
1 0.9234375 0.6109375 0.153125 0.1421875
2 0.89765625 0.54296875 0.203125 0.1234375
2 0.42890625 0.7515625 0.2453125 0.134375