0 0.64609375 0.803125 0.2328125 0.178125
0 0.7828125 0.56875 0.1203125 0.1453125
0 0.97890625 0.684375 0.0421875 0.121875
0 0.8 0.30625 0.14375 0.146875
0 0.4421875 0.33828125 0.0640625 0.0625
0 0.803125 0.4921875 0.1671875 0.09375
0 0.15234375 0.76484375 0.1265625 0.109375
2 0.50625 0.528125 0.2078125 0.1515625
2 0.6 0.36015625 0.125 0.1984375
2 0.70078125 0.41328125 0.165625 0.1921875
2 0.6875 0.634375 0.1375 0.2703125
2 0.2640625 0.70078125 0.2265625 0.2453125
1 0.89921875 0.78203125 0.2015625 0.1765625
1 0.5828125 0.66171875 0.115625 0.11875
1 0.93515625 0.575 0.1296875 0.146875
2 0.90703125 0.5140625 0.1859375 0.134375
2 0.50625 0.771875 0.24375 0.15