2 0.24375 0.84921875 0.3515625 0.15625
2 0.2078125 0.61796875 0.19375 0.3328125
2 0.21015625 0.29453125 0.38125 0.2453125
2 0.5796875 0.85859375 0.1828125 0.1921875
2 0.64296875 0.71640625 0.325 0.2
2 0.3921875 0.5390625 0.340625 0.284375
2 0.03125 0.32734375 0.0625 0.3734375
0 0.4578125 0.9390625 0.1296875 0.1140625
2 0.84453125 0.49765625 0.3046875 0.34375
0 0.46953125 0.16875 0.2421875 0.1765625
0 0.6796875 0.2578125 0.15625 0.1765625
0 0.55546875 0.29921875 0.16875 0.21875
0 0.15859375 0.4078125 0.1609375 0.16875
1 0.4453125 0.65625 0.178125 0.153125
0 0.33515625 0.7296875 0.1640625 0.1484375
2 0.10703125 0.75546875 0.1625 0.1734375
1 0.6109375 0.46875 0.1546875 0.209375
1 0.37421875 0.38203125 0.1953125 0.1703125
1 0.75234375 0.13359375 0.171875 0.1765625
1 0.62421875 0.1296875 0.1640625 0.178125
1 0.2515625 0.15546875 0.221875 0.2171875
0 0.16796875 0.94453125 0.175 0.1109375
0 0.34296875 0.90390625 0.1828125 0.1203125
2 0.2078125 0.97109375 0.1375 0.0578125
0 0.76015625 0.834375 0.115625 0.0984375