2 0.2890625 0.88203125 0.3734375 0.19375
2 0.23046875 0.64375 0.23125 0.359375
2 0.2046875 0.3015625 0.409375 0.2875
2 0.64375 0.86171875 0.2046875 0.2125
2 0.696875 0.70703125 0.35 0.2359375
2 0.41640625 0.5421875 0.375 0.3234375
2 0.0328125 0.35703125 0.065625 0.3921875
0 0.5234375 0.94609375 0.14375 0.1078125
2 0.85859375 0.4609375 0.2828125 0.375
0 0.46484375 0.14609375 0.2640625 0.203125
0 0.69375 0.22109375 0.175 0.1953125
0 0.5671875 0.275 0.19375 0.2390625
0 0.15859375 0.42578125 0.18125 0.1875
1 0.48359375 0.66171875 0.196875 0.1734375
0 0.375 0.7484375 0.1828125 0.16875
2 0.13671875 0.79609375 0.18125 0.1921875
1 0.640625 0.44765625 0.178125 0.2296875
1 0.384375 0.37890625 0.215625 0.19375
1 0.75859375 0.08984375 0.1921875 0.1796875
1 0.6234375 0.09453125 0.184375 0.1890625
1 0.23359375 0.15390625 0.246875 0.2390625
0 0.21796875 0.9625 0.1890625 0.075
0 0.3984375 0.93046875 0.196875 0.1390625
0 0.83203125 0.81953125 0.128125 0.1125