2 0.2703125 0.86640625 0.3546875 0.1734375
2 0.22265625 0.63671875 0.209375 0.3390625
2 0.20703125 0.3125 0.3890625 0.2640625
2 0.60859375 0.859375 0.190625 0.1984375
2 0.66484375 0.71328125 0.33125 0.215625
2 0.403125 0.5484375 0.3515625 0.3
2 0.03515625 0.35703125 0.0703125 0.3765625
0 0.490625 0.94296875 0.134375 0.1140625
2 0.84765625 0.4828125 0.3046875 0.35625
0 0.46171875 0.171875 0.2484375 0.1875
0 0.67734375 0.25078125 0.1625 0.1828125
0 0.55546875 0.29765625 0.178125 0.225
0 0.16171875 0.428125 0.16875 0.175
1 0.46328125 0.66328125 0.184375 0.1609375
0 0.35625 0.7421875 0.1703125 0.15625
2 0.12578125 0.7796875 0.175 0.1796875
1 0.61953125 0.46484375 0.1640625 0.215625
1 0.37734375 0.390625 0.2015625 0.1796875
1 0.74453125 0.12109375 0.1796875 0.1828125
1 0.61484375 0.125 0.171875 0.184375
1 0.24140625 0.1703125 0.23125 0.2265625
0 0.2 0.95390625 0.178125 0.0921875
0 0.37265625 0.9171875 0.1859375 0.128125
2 0.2421875 0.9796875 0.140625 0.040625
0 0.7890625 0.82421875 0.1203125 0.1046875