2 0.7671875 0.13984375 0.3609375 0.16875
2 0.81953125 0.3921875 0.2140625 0.3671875
2 0.803125 0.74765625 0.39375 0.2703125
2 0.409375 0.12734375 0.2015625 0.2109375
2 0.340625 0.28359375 0.3578125 0.221875
2 0.6171875 0.4796875 0.3765625 0.3140625
2 0.98984375 0.7125 0.0203125 0.396875
0 0.54375 0.05078125 0.14375 0.1015625
2 0.14296875 0.521875 0.2859375 0.375
0 0.53125 0.8875 0.2671875 0.1953125
0 0.29921875 0.7890625 0.171875 0.19375
0 0.4359375 0.74453125 0.1859375 0.2421875
0 0.87421875 0.62421875 0.178125 0.1859375
1 0.55859375 0.35 0.196875 0.16875
0 0.67890625 0.26953125 0.18125 0.1640625
2 0.9078125 0.2453125 0.134375 0.1828125
1 0.375 0.5578125 0.1703125 0.23125
1 0.6359375 0.653125 0.215625 0.1890625
1 0.21796875 0.91484375 0.1890625 0.1703125
1 0.3609375 0.91640625 0.18125 0.1671875
1 0.76796875 0.8796875 0.2375 0.19375
0 0.84765625 0.04609375 0.1640625 0.0921875
0 0.67109375 0.07734375 0.2 0.1328125
2 0.82109375 0.01640625 0.1484375 0.0328125
0 0.2109375 0.1546875 0.128125 0.109375