2 0.19453125 0.20390625 0.33359375 0.09765625
2 0.19921875 0.4328125 0.13984375 0.30859375
2 0.25703125 0.74609375 0.3484375 0.184375
2 0.51875 0.13671875 0.153125 0.16484375
2 0.60390625 0.2640625 0.2984375 0.14765625
2 0.39140625 0.478125 0.3 0.23125
2 0.0390625 0.7515625 0.078125 0.3609375
0 0.3875 0.0796875 0.11328125 0.09453125
2 0.8375 0.440625 0.25234375 0.2984375
0 0.53046875 0.8234375 0.21796875 0.13828125
0 0.71875 0.7015625 0.128125 0.153125
0 0.59140625 0.68359375 0.13359375 0.1953125
0 0.1875 0.64609375 0.13515625 0.1453125
1 0.42265625 0.35546875 0.15625 0.12578125
0 0.30390625 0.303125 0.1421875 0.12421875
2 0.075 0.31875 0.14375 0.14921875
1 0.615625 0.51015625 0.12109375 0.18828125
1 0.4015625 0.634375 0.1703125 0.140625
1 0.8109375 0.8109375 0.1453125 0.15078125
1 0.68671875 0.8359375 0.13671875 0.153125
1 0.32109375 0.875 0.18984375 0.184375
0 0.10546875 0.1234375 0.16015625 0.08203125
0 0.28125 0.13359375 0.165625 0.090625
2 0.134375 0.06640625 0.12109375 0.0875
0 0.6984375 0.1296875 0.1015625 0.08125