0 0.48984375 0.76796875 0.18125 0.171875
0 0.62421875 0.625 0.1265625 0.1421875
0 0.87265625 0.50390625 0.18828125 0.128125
0 0.73359375 0.31484375 0.12578125 0.2046875
0 0.36796875 0.471875 0.17265625 0.15234375
2 0.153125 0.4828125 0.30546875 0.13984375
2 0.1515625 0.68984375 0.303125 0.2078125
1 0.28515625 0.72890625 0.1828125 0.16328125
2 0.934375 0.7171875 0.13125 0.18671875
2 0.609375 0.396875 0.1453125 0.21875
0 0.4296875 0.2546875 0.18125 0.09375
2 0.51015625 0.15625 0.13828125 0.16484375
1 0.4078125 0.6 0.2078125 0.14765625
1 0.11953125 0.36328125 0.16015625 0.140625