0 0.553125 0.20078125 0.203125 0.1921875
0 0.40234375 0.340625 0.1421875 0.1578125
0 0.1328125 0.44921875 0.20625 0.1484375
0 0.26484375 0.65703125 0.146875 0.2234375
0 0.65859375 0.51875 0.1921875 0.171875
2 0.86015625 0.521875 0.2796875 0.165625
2 0.86796875 0.30390625 0.2640625 0.2359375
1 0.76484375 0.25625 0.203125 0.184375
2 0.0859375 0.22109375 0.1484375 0.20625
2 0.40078125 0.5796875 0.16875 0.2390625
0 0.57890625 0.7421875 0.196875 0.1109375
2 0.4875 0.8390625 0.15625 0.1828125
1 0.6265625 0.38203125 0.228125 0.1703125
1 0.909375 0.6515625 0.171875 0.159375