0 0.46640625 0.76640625 0.1953125 0.1875
0 0.6125 0.63515625 0.1390625 0.153125
0 0.87109375 0.53671875 0.1984375 0.14375
0 0.74921875 0.3359375 0.14375 0.215625
0 0.37109375 0.46015625 0.1859375 0.1671875
2 0.15703125 0.4515625 0.3140625 0.165625
2 0.1484375 0.65859375 0.296875 0.2328125
1 0.26640625 0.709375 0.196875 0.178125
2 0.9140625 0.75390625 0.146875 0.196875
2 0.61796875 0.40703125 0.1640625 0.23125
0 0.4515625 0.24921875 0.1890625 0.109375
2 0.53984375 0.15859375 0.1515625 0.1765625
1 0.39921875 0.59140625 0.2203125 0.165625
1 0.1328125 0.33046875 0.171875 0.1546875