0 0.534375 0.76796875 0.203125 0.19375
0 0.38203125 0.63671875 0.1453125 0.159375
0 0.115625 0.5390625 0.20625 0.1515625
0 0.2375 0.33125 0.15 0.221875
0 0.62734375 0.453125 0.1921875 0.1734375
2 0.84296875 0.43984375 0.3140625 0.1734375
2 0.85234375 0.653125 0.2953125 0.24375
1 0.7390625 0.70546875 0.2046875 0.1859375
2 0.08359375 0.7625 0.1359375 0.203125
2 0.37265625 0.4015625 0.171875 0.2390625
0 0.540625 0.2375 0.1953125 0.115625
2 0.4484375 0.1453125 0.1578125 0.1828125
1 0.6 0.5875 0.228125 0.1734375
1 0.86953125 0.31484375 0.1796875 0.1609375