0 0.446875 0.23984375 0.215625 0.2078125
0 0.3390625 0.409375 0.15625 0.16875
0 0.11328125 0.58046875 0.2140625 0.1671875
0 0.28984375 0.74375 0.1671875 0.23125
0 0.6265625 0.51328125 0.203125 0.1875
2 0.83671875 0.4609375 0.3265625 0.2
2 0.80234375 0.2515625 0.3453125 0.2671875
1 0.66015625 0.2390625 0.215625 0.2
2 0.046875 0.375 0.09375 0.209375
2 0.3984375 0.63671875 0.1890625 0.25
0 0.6078125 0.74453125 0.2015625 0.1296875
2 0.54609375 0.859375 0.1703125 0.1921875
1 0.56171875 0.3921875 0.2390625 0.1890625
1 0.89921875 0.57421875 0.1890625 0.1734375