0 0.49140625 0.29375 0.20390625 0.16328125
0 0.80390625 0.38984375 0.1796875 0.22734375
0 0.7296875 0.46015625 0.16171875 0.2234375
0 0.30546875 0.371875 0.1171875 0.2078125
0 0.20390625 0.4546875 0.09453125 0.128125
0 0.24765625 0.68046875 0.14375 0.225
0 0.35546875 0.6984375 0.1203125 0.221875
0 0.475 0.56171875 0.14921875 0.20234375
0 0.7453125 0.71328125 0.221875 0.11015625
0 0.53828125 0.709375 0.13671875 0.17421875
0 0.45625 0.80234375 0.10625 0.12578125
0 0.41484375 0.43828125 0.11328125 0.1171875
0 0.60625 0.34375 0.11015625 0.1015625
0 0.58984375 0.5765625 0.10859375 0.115625
0 0.33203125 0.52421875 0.1921875 0.12265625