0 0.50234375 0.709375 0.215625 0.1734375
0 0.1734375 0.6140625 0.1921875 0.240625
0 0.25 0.53984375 0.1734375 0.2359375
0 0.69375 0.62421875 0.125 0.21875
0 0.7984375 0.5359375 0.1015625 0.1359375
0 0.74921875 0.3015625 0.1546875 0.2375
0 0.63515625 0.28515625 0.1296875 0.2328125
0 0.51328125 0.4296875 0.159375 0.2140625
0 0.22890625 0.27578125 0.2328125 0.11875
0 0.44453125 0.2765625 0.1453125 0.184375
0 0.52890625 0.178125 0.1125 0.1328125
0 0.578125 0.55703125 0.1203125 0.1234375
0 0.38125 0.659375 0.1171875 0.1078125
0 0.39296875 0.415625 0.115625 0.1234375
0 0.66328125 0.46484375 0.203125 0.13125