0 0.56484375 0.69765625 0.24375 0.2125
0 0.22890625 0.67890625 0.2359375 0.271875
0 0.2859375 0.590625 0.2171875 0.2625
0 0.7296875 0.5734375 0.16875 0.2359375
0 0.8109375 0.46484375 0.1265625 0.1515625
0 0.7109375 0.2515625 0.1984375 0.259375
0 0.59921875 0.26015625 0.175 0.25
0 0.5140625 0.4265625 0.1984375 0.2390625
0 0.20703125 0.3421875 0.2484375 0.165625
0 0.4140625 0.2953125 0.1796875 0.2078125
0 0.4734375 0.18203125 0.1359375 0.1515625
0 0.6046875 0.534375 0.140625 0.1453125
0 0.4375 0.67578125 0.1359375 0.1296875
0 0.3953125 0.43984375 0.1375 0.1421875
0 0.665625 0.42734375 0.221875 0.1703125