0 0.44765625 0.29375 0.2515625 0.215625
0 0.134375 0.4609375 0.2390625 0.2796875
0 0.22890625 0.52109375 0.21875 0.271875
0 0.66171875 0.3390625 0.16875 0.2453125
0 0.7875 0.40625 0.128125 0.15625
0 0.7875 0.6546875 0.2 0.26875
0 0.67578125 0.696875 0.1734375 0.2609375
0 0.52109375 0.57578125 0.2 0.246875
0 0.2640625 0.79375 0.259375 0.1625
0 0.48359375 0.746875 0.18125 0.2140625
0 0.590625 0.828125 0.1390625 0.1546875
0 0.559375 0.43203125 0.1453125 0.1484375
0 0.3359375 0.37109375 0.1390625 0.13125
0 0.4015625 0.61640625 0.1390625 0.1453125
0 0.665625 0.50703125 0.2296875 0.1703125