0 0.4234375 0.30078125 0.2515625 0.2125
0 0.78515625 0.35859375 0.234375 0.2796875
0 0.7140625 0.4484375 0.2140625 0.2734375
0 0.2296875 0.41640625 0.1625 0.2484375
0 0.1296875 0.52421875 0.125 0.1578125
0 0.21328125 0.7671875 0.19375 0.271875
0 0.3359375 0.77109375 0.1671875 0.2640625
0 0.446875 0.60078125 0.196875 0.246875
0 0.77109375 0.72734375 0.2625 0.15625
0 0.540625 0.7546875 0.178125 0.2140625
0 0.4640625 0.8703125 0.1375 0.15625
0 0.3609375 0.47265625 0.14375 0.146875
0 0.55859375 0.3390625 0.1375 0.1296875
0 0.57734375 0.6 0.1390625 0.1453125
0 0.2828125 0.58203125 0.2328125 0.165625