2 0.0703125 0.7078125 0.140625 0.325
2 0.25546875 0.796875 0.3421875 0.325
2 0.55546875 0.6671875 0.3390625 0.3578125
2 0.84453125 0.659375 0.3109375 0.3234375
2 0.7265625 0.8796875 0.30625 0.240625
2 0.921875 0.3640625 0.15625 0.26875
2 0.6984375 0.39921875 0.2421875 0.2796875
2 0.396875 0.33125 0.3375 0.3296875
2 0.21171875 0.4703125 0.3296875 0.321875
2 0.15390625 0.17578125 0.240625 0.3140625
2 0.44375 0.04609375 0.209375 0.0921875
2 0.6796875 0.05390625 0.240625 0.1015625
2 0.54609375 0.096875 0.1796875 0.19375
2 0.88125 0.08828125 0.1796875 0.071875