0 0.4796875 0.57578125 0.265625 0.203125
0 0.47421875 0.78515625 0.1984375 0.2140625
0 0.646875 0.81640625 0.225 0.1546875
0 0.69921875 0.7171875 0.2375 0.2234375
0 0.83515625 0.584375 0.2171875 0.25625
0 0.6859375 0.50625 0.253125 0.1703125
0 0.80546875 0.309375 0.1640625 0.1921875
0 0.609375 0.2984375 0.1640625 0.184375
0 0.51171875 0.21328125 0.1890625 0.2765625
0 0.32578125 0.39140625 0.1640625 0.246875
0 0.13046875 0.46796875 0.2453125 0.25
0 0.19453125 0.29375 0.2609375 0.240625
0 0.26875 0.66640625 0.121875 0.1421875
0 0.23515625 0.58203125 0.234375 0.2078125
0 0.728125 0.196875 0.203125 0.25625
0 0.37734375 0.7140625 0.1578125 0.1875