0 0.5609375 0.45546875 0.259375 0.178125
0 0.61953125 0.24375 0.18125 0.2015625
0 0.8015625 0.265625 0.221875 0.13125
0 0.82421875 0.38046875 0.225 0.2046875
0 0.9109375 0.55390625 0.178125 0.2453125
0 0.746875 0.5875 0.25 0.1453125
0 0.80546875 0.82109375 0.146875 0.184375
0 0.60546875 0.77265625 0.15 0.175
0 0.48203125 0.82734375 0.1609375 0.271875
0 0.35 0.5921875 0.1375 0.2453125
0 0.178125 0.45625 0.228125 0.234375
0 0.190625 0.65 0.246875 0.2203125
0 0.3765625 0.3 0.109375 0.1359375
0 0.31796875 0.3734375 0.2234375 0.1890625
0 0.6953125 0.89296875 0.178125 0.2140625
0 0.50078125 0.28515625 0.140625 0.18125