0 0.48359375 0.428125 0.22734375 0.14765625
0 0.44296875 0.23125 0.1546875 0.17421875
0 0.27578125 0.2390625 0.196875 0.1078125
0 0.24765625 0.3421875 0.19375 0.17421875
0 0.14921875 0.49609375 0.16484375 0.21328125
0 0.3046875 0.5375 0.221875 0.1171875
0 0.23671875 0.746875 0.12421875 0.16015625
0 0.421875 0.71484375 0.1265625 0.15234375
0 0.53125 0.7734375 0.13125 0.24140625
0 0.6671875 0.56640625 0.11171875 0.21796875
0 0.8328125 0.453125 0.1953125 0.20078125
0 0.81015625 0.62890625 0.21328125 0.18671875
0 0.6609375 0.29765625 0.0921875 0.11875
0 0.7109375 0.36875 0.19375 0.16015625
0 0.3328125 0.8359375 0.14921875 0.21796875
0 0.54921875 0.2765625 0.11875 0.1578125