2 0.09609375 0.78125 0.1921875 0.284375
2 0.31640625 0.8390625 0.2828125 0.265625
2 0.56953125 0.690625 0.2765625 0.2953125
2 0.83984375 0.6515625 0.278125 0.26875
2 0.75 0.88203125 0.25 0.2359375
2 0.90234375 0.37578125 0.1953125 0.2296875
2 0.66875 0.43515625 0.19375 0.2328125
2 0.39140625 0.40703125 0.278125 0.2703125
2 0.240625 0.5515625 0.271875 0.2640625
2 0.12890625 0.2921875 0.2453125 0.271875
2 0.403125 0.0890625 0.190625 0.178125
2 0.61640625 0.08125 0.225 0.1625
2 0.49921875 0.178125 0.1453125 0.1671875
2 0.31328125 0.0296875 0.1328125 0.059375
2 0.8015625 0.0890625 0.16875 0.1421875