0 0.48671875 0.61171875 0.2796875 0.2046875
0 0.40703125 0.8234375 0.203125 0.2203125
0 0.22265625 0.78515625 0.2375 0.1546875
0 0.209375 0.665625 0.2453125 0.228125
0 0.12734375 0.478125 0.2203125 0.265625
0 0.30703125 0.459375 0.2671875 0.16875
0 0.26875 0.2140625 0.165625 0.2
0 0.46875 0.28203125 0.16875 0.190625
0 0.60078125 0.23671875 0.1890625 0.2921875
0 0.71484375 0.490625 0.1625 0.2609375
0 0.875 0.6453125 0.246875 0.2578125
0 0.875 0.44609375 0.25 0.2453125
0 0.66171875 0.78828125 0.1234375 0.1484375
0 0.72890625 0.7171875 0.24375 0.2125
0 0.39140625 0.1328125 0.2046875 0.265625
0 0.5328125 0.79140625 0.159375 0.1953125