0 0.475 0.5265625 0.2640625 0.184375
0 0.41171875 0.73984375 0.1875 0.2078125
0 0.228125 0.71484375 0.2265625 0.1375
0 0.20703125 0.5984375 0.2296875 0.2109375
0 0.11328125 0.41953125 0.2015625 0.2515625
0 0.28828125 0.38984375 0.25625 0.15
0 0.23359375 0.1515625 0.153125 0.1890625
0 0.43515625 0.2046875 0.1546875 0.1796875
0 0.5609375 0.15078125 0.16875 0.278125
0 0.690625 0.3921875 0.14375 0.25
0 0.8625 0.5328125 0.234375 0.2390625
0 0.85390625 0.33671875 0.253125 0.2265625
0 0.65859375 0.6875 0.1125 0.1390625
0 0.71953125 0.61328125 0.228125 0.1953125
0 0.3453125 0.0953125 0.18125 0.190625
0 0.5328125 0.7 0.1453125 0.184375