2 0.12109375 0.17890625 0.1921875 0.2609375
2 0.3546875 0.14375 0.25703125 0.2375
2 0.58828125 0.309375 0.246875 0.26796875
2 0.846875 0.3703125 0.25078125 0.24140625
2 0.78125 0.121875 0.2234375 0.24375
2 0.8890625 0.64296875 0.18125 0.209375
2 0.66171875 0.565625 0.171875 0.21328125
2 0.390625 0.56953125 0.25078125 0.24296875
2 0.25703125 0.415625 0.2453125 0.2375
2 0.11953125 0.659375 0.2328125 0.246875
2 0.37578125 0.8984375 0.171875 0.1984375
2 0.5828125 0.9171875 0.20625 0.16484375
2 0.47578125 0.8 0.128125 0.15234375
2 0.28203125 0.95234375 0.12265625 0.09453125
2 0.76171875 0.925 0.1546875 0.15