2 0.9234375 0.86640625 0.128125 0.2671875
2 0.70703125 0.8859375 0.3078125 0.228125
2 0.44609375 0.7109375 0.3015625 0.3234375
2 0.1515625 0.625 0.303125 0.29375
2 0.2140625 0.88046875 0.26875 0.2234375
2 0.11875 0.3078125 0.221875 0.253125
2 0.3765625 0.4109375 0.2109375 0.25625
2 0.6890625 0.4234375 0.3046875 0.2953125
2 0.834375 0.60859375 0.296875 0.2890625
2 0.9328125 0.33203125 0.134375 0.2921875
2 0.72421875 0.08515625 0.2046875 0.1578125
2 0.4859375 0.05546875 0.24375 0.1109375
2 0.60546875 0.15078125 0.1578125 0.1828125
2 0.83671875 0.0296875 0.14375 0.0328125
2 0.28046875 0.040625 0.1828125 0.08125