2 0.1703125 0.86953125 0.240625 0.2609375
2 0.41171875 0.8703125 0.3015625 0.259375
2 0.61796875 0.67421875 0.296875 0.3140625
2 0.86015625 0.56640625 0.2796875 0.2890625
2 0.84609375 0.82421875 0.26875 0.2765625
2 0.8625 0.28359375 0.2203125 0.24375
2 0.64765625 0.40234375 0.2109375 0.2453125
2 0.37265625 0.446875 0.296875 0.290625
2 0.26484375 0.6265625 0.290625 0.2828125
2 0.1109375 0.403125 0.221875 0.2875
2 0.3 0.12421875 0.2046875 0.21875
2 0.5046875 0.08125 0.234375 0.1625
2 0.4171875 0.1984375 0.1578125 0.1765625
2 0.1953125 0.0875 0.1390625 0.1015625
2 0.68515625 0.05546875 0.1796875 0.1109375