0 0.4 0.16875 0.1328125 0.20625
0 0.40078125 0.459375 0.24453125 0.22890625
0 0.159375 0.40859375 0.2328125 0.1453125
0 0.8140625 0.39375 0.2109375 0.16875
0 0.72578125 0.5796875 0.15078125 0.23046875
0 0.8828125 0.559375 0.17890625 0.209375
0 0.58984375 0.80234375 0.18984375 0.234375
0 0.3125 0.80078125 0.16171875 0.22890625
0 0.4328125 0.8265625 0.128125 0.14375
0 0.50703125 0.2828125 0.22734375 0.18125
0 0.20625 0.5609375 0.12578125 0.1453125
0 0.69140625 0.2890625 0.14375 0.1203125
0 0.58828125 0.63046875 0.1296875 0.13125
0 0.45 0.6609375 0.1328125 0.13984375