0 0.5015625 0.903125 0.171875 0.19375
0 0.5328125 0.6 0.3078125 0.2921875
0 0.80390625 0.68671875 0.2859375 0.1953125
0 0.09140625 0.62734375 0.1828125 0.2140625
0 0.17421875 0.421875 0.2015625 0.2828125
0 0.05390625 0.43203125 0.1078125 0.2515625
0 0.35703125 0.1828125 0.246875 0.2921875
0 0.67578125 0.21796875 0.2140625 0.2828125
0 0.54140625 0.1734375 0.165625 0.18125
0 0.38984375 0.7890625 0.2828125 0.2359375
0 0.76875 0.50625 0.1625 0.1828125
0 0.17890625 0.7609375 0.1796875 0.1546875
0 0.3390625 0.38046875 0.165625 0.1671875
0 0.50078125 0.36171875 0.16875 0.1765625