0 0.59765625 0.8625 0.1421875 0.21875
0 0.60234375 0.5578125 0.2609375 0.24375
0 0.85390625 0.615625 0.246875 0.15625
0 0.1671875 0.61875 0.2234375 0.18125
0 0.2640625 0.42578125 0.1625 0.24375
0 0.09765625 0.44375 0.190625 0.2234375
0 0.41015625 0.19453125 0.203125 0.25
0 0.70078125 0.20078125 0.1734375 0.2421875
0 0.575 0.171875 0.1375 0.153125
0 0.4875 0.740625 0.2421875 0.1953125
0 0.8078125 0.4546875 0.134375 0.1546875
0 0.29453125 0.73125 0.153125 0.128125
0 0.40859375 0.375 0.1390625 0.140625
0 0.55390625 0.34453125 0.1421875 0.1484375