0 0.4328125 0.84765625 0.1515625 0.2296875
0 0.4234375 0.5328125 0.2734375 0.2578125
0 0.1640625 0.596875 0.2578125 0.165625
0 0.8734375 0.5875 0.234375 0.190625
0 0.7703125 0.390625 0.171875 0.25625
0 0.91953125 0.40703125 0.1609375 0.2328125
0 0.615625 0.1546875 0.2140625 0.2609375
0 0.31484375 0.16640625 0.184375 0.2546875
0 0.44375 0.13359375 0.14375 0.1609375
0 0.5453125 0.71953125 0.253125 0.2046875
0 0.20859375 0.43046875 0.140625 0.1609375
0 0.74453125 0.70703125 0.1609375 0.1359375
0 0.61953125 0.340625 0.1453125 0.146875
0 0.46875 0.31171875 0.1484375 0.15625