0 0.4515625 0.14921875 0.1671875 0.2296875
0 0.40625 0.44296875 0.284375 0.2703125
0 0.16953125 0.35390625 0.259375 0.184375
0 0.83515625 0.44375 0.240625 0.2046875
0 0.715625 0.61796875 0.1890625 0.2578125
0 0.878125 0.62265625 0.215625 0.240625
0 0.5421875 0.821875 0.2296875 0.26875
0 0.26171875 0.77578125 0.2015625 0.2578125
0 0.37890625 0.82109375 0.153125 0.1671875
0 0.54140625 0.2828125 0.259375 0.2203125
0 0.1921875 0.515625 0.15 0.1671875
0 0.72734375 0.31796875 0.165625 0.1453125
0 0.56875 0.64765625 0.1515625 0.153125
0 0.42265625 0.65625 0.15625 0.1625