2 0.7140625 0.94765625 0.3 0.1046875
2 0.52734375 0.15234375 0.2 0.175
2 0.81171875 0.6875 0.165625 0.096875
2 0.853125 0.78515625 0.1765625 0.1375
0 0.215625 0.75703125 0.115625 0.1296875
0 0.0734375 0.76328125 0.146875 0.1328125
1 0.48125 0.753125 0.1921875 0.13125
1 0.125 0.58671875 0.128125 0.0890625
1 0.39140625 0.140625 0.15625 0.1359375
1 0.6671875 0.19921875 0.1515625 0.128125
2 0.0828125 0.4984375 0.140625 0.0953125
2 0.634375 0.325 0.1515625 0.0984375
2 0.3765625 0.25390625 0.1390625 0.096875
1 0.33359375 0.74453125 0.1140625 0.0828125