2 0.1609375 0.07890625 0.2734375 0.1328125
2 0.53046875 0.81484375 0.171875 0.1421875
2 0.1390625 0.38046875 0.1515625 0.06875
2 0.078125 0.29921875 0.1546875 0.1078125
0 0.68125 0.1765625 0.09375 0.1109375
0 0.83203125 0.13203125 0.171875 0.1015625
1 0.4328125 0.2421875 0.1734375 0.1
1 0.80546875 0.31484375 0.115625 0.0671875
1 0.66015625 0.79375 0.1359375 0.1109375
1 0.38828125 0.80234375 0.13125 0.103125
2 0.86484375 0.38828125 0.125 0.071875
2 0.38984375 0.678125 0.1375 0.0734375
2 0.64765625 0.684375 0.125 0.075
1 0.5734375 0.215625 0.1015625 0.0640625