2 0.18125 0.92734375 0.26640625 0.121875
2 0.52109375 0.18671875 0.16640625 0.134375
2 0.15 0.6296875 0.14765625 0.06328125
2 0.0921875 0.7125 0.14921875 0.1015625
0 0.69140625 0.81328125 0.0890625 0.1078125
0 0.8421875 0.8515625 0.16640625 0.09375
1 0.4453125 0.75703125 0.16796875 0.09296875
1 0.81015625 0.671875 0.11171875 0.0625
1 0.65078125 0.203125 0.13046875 0.10546875
1 0.38125 0.20390625 0.1265625 0.0984375
2 0.86640625 0.59765625 0.121875 0.0671875
2 0.38671875 0.3265625 0.13359375 0.06796875
2 0.64140625 0.3125 0.12109375 0.06953125
1 0.584375 0.778125 0.09921875 0.059375