2 0.11484375 0.8375 0.2296875 0.184375
2 0.59609375 0.19765625 0.1953125 0.171875
2 0.1265625 0.53984375 0.159375 0.0984375
2 0.0671875 0.60546875 0.134375 0.1359375
0 0.6109375 0.85 0.1125 0.1265625
0 0.7484375 0.92421875 0.184375 0.1328125
1 0.38359375 0.73515625 0.1859375 0.13125
1 0.76015625 0.740625 0.125 0.0875
1 0.71875 0.2453125 0.153125 0.134375
1 0.45546875 0.1796875 0.146875 0.1265625
2 0.83359375 0.68203125 0.1359375 0.0953125
2 0.43125 0.3015625 0.146875 0.0984375
2 0.68359375 0.34921875 0.134375 0.096875
1 0.5140625 0.7890625 0.1109375 0.0828125