2 0.78203125 0.0546875 0.2890625 0.109375
2 0.478125 0.83984375 0.1859375 0.1546875
2 0.83671875 0.34609375 0.159375 0.078125
2 0.89140625 0.2546875 0.165625 0.11875
0 0.253125 0.19375 0.1015625 0.1203125
0 0.09140625 0.16328125 0.1828125 0.1109375
1 0.51640625 0.23515625 0.184375 0.109375
1 0.1390625 0.3515625 0.121875 0.0734375
1 0.34140625 0.83203125 0.1453125 0.1203125
1 0.62421875 0.8125 0.140625 0.1125
2 0.084375 0.43359375 0.1328125 0.0796875
2 0.61015625 0.6828125 0.1453125 0.08125
2 0.34296875 0.7171875 0.1328125 0.0828125
1 0.36875 0.22265625 0.109375 0.0703125